1403715518.009742437 0.443081 2.06176 1.07638 0.966289 -0.0173324 0.00271926 -0.256863
1403715518.109716633 0.442974 2.06163 1.07634 0.966283 -0.0166071 0.00244887 -0.256934
1403715518.219727949 0.443234 2.06209 1.0766 0.966019 -0.0180042 0.00359481 -0.25782
1403715518.319766266 0.443218 2.06203 1.07657 0.966057 -0.0175317 0.00350636 -0.25771
1403715518.429829843 0.443291 2.0621 1.07663 0.966033 -0.0179447 0.00380534 -0.257766
1403715518.529909214 0.44308 2.06176 1.07644 0.966295 -0.0171967 0.00261573 -0.256849
1403715518.639722350 0.443084 2.06175 1.07642 0.966267 -0.0172415 0.00277306 -0.25695
1403715518.739898613 0.443249 2.06199 1.0766 0.966053 -0.0175048 0.00349084 -0.257725
1403715518.849773430 0.443186 2.06198 1.07655 0.966079 -0.0173671 0.00330067 -0.257641
1403715518.959704639 0.443208 2.06199 1.07657 0.966072 -0.0173437 0.00342831 -0.257665
1403715519.069814589 0.443241 2.06202 1.07657 0.96604 -0.0178048 0.00352108 -0.257754
1403715519.169805487 0.443233 2.06206 1.07661 0.966015 -0.0177273 0.00365375 -0.257851
1403715519.279721630 0.443056 2.06164 1.07634 0.966273 -0.016764 0.00260705 -0.256962
1403715519.389832264 0.443235 2.06207 1.0766 0.96606 -0.0179569 0.00352667 -0.25767
1403715519.489891747 0.443216 2.062 1.07656 0.966063 -0.017596 0.00332553 -0.257684
1403715519.599820266 0.443205 2.06204 1.0766 0.966051 -0.0176984 0.00345608 -0.257721
1403715519.709803686 0.443662 2.06297 1.07669 0.965957 -0.0218625 0.0048524 -0.25773
1403715519.820038340 0.44319 2.06206 1.07655 0.966028 -0.0176559 0.0034301 -0.257812
1403715519.919811871 0.443258 2.06202 1.07661 0.966022 -0.0177105 0.00360895 -0.257829
1403715520.029734177 0.443032 2.0617 1.07634 0.966267 -0.0169698 0.00257324 -0.256969
1403715520.129817890 0.443217 2.062 1.07655 0.96607 -0.0175374 0.00335752 -0.257663
1403715520.239781682 0.443204 2.06205 1.07657 0.966027 -0.0177291 0.00334522 -0.257812
1403715520.339739399 0.4431 2.06174 1.07643 0.966265 -0.0173302 0.0029188 -0.25695
1403715520.439855676 0.443057 2.06167 1.07638 0.96624 -0.0168597 0.00266153 -0.257077
1403715520.549777148 0.443203 2.06205 1.07659 0.966033 -0.0176303 0.00366386 -0.257789
1403715520.650172579 0.44322 2.06203 1.07657 0.966012 -0.0175435 0.00348092 -0.257879
1403715520.749807385 0.443247 2.06199 1.07657 0.966047 -0.0175154 0.00351816 -0.257749
1403715520.859765722 0.443029 2.06166 1.07635 0.966291 -0.0168755 0.00245459 -0.256888
1403715520.969940694 0.443216 2.062 1.07655 0.966077 -0.0175435 0.00322639 -0.257638
1403715521.079960864 0.443635 2.06294 1.07664 0.965979 -0.0216433 0.00476854 -0.257668
1403715521.189837081 0.443214 2.06209 1.07659 0.96603 -0.017838 0.00360348 -0.257787
1403715521.289802855 0.443097 2.06169 1.0764 0.966284 -0.0172729 0.00284708 -0.256884
1403715521.399771300 0.443224 2.06203 1.07656 0.966065 -0.0175116 0.00336032 -0.257683
1403715521.499798410 0.443178 2.06199 1.07657 0.96606 -0.0174654 0.00328941 -0.257704
1403715521.599826133 0.443275 2.06207 1.07661 0.966055 -0.0178687 0.00358096 -0.257694
1403715521.709770608 0.443237 2.06203 1.07663 0.96606 -0.017607 0.00353211 -0.257694
1403715521.819795707 0.443222 2.062 1.07661 0.96603 -0.0175372 0.00354545 -0.257812
1403715521.919850785 0.443166 2.06202 1.07662 0.966082 -0.0173752 0.00326274 -0.257629
1403715522.029805352 0.443011 2.06171 1.07639 0.96628 -0.0169218 0.00270016 -0.256923
1403715522.129909180 0.443087 2.06173 1.07638 0.966255 -0.0170275 0.00274159 -0.257011
1403715522.239843108 0.443212 2.06207 1.07657 0.966058 -0.017731 0.00340143 -0.257693
1403715522.339855608 0.443265 2.06203 1.0766 0.966066 -0.0176375 0.00352563 -0.257669
1403715522.449763087 0.443189 2.06203 1.07655 0.966064 -0.0174201 0.00338986 -0.257693
1403715522.559748203 0.443288 2.06208 1.0766 0.966035 -0.0178809 0.00371836 -0.257766
1403715522.659774222 0.443043 2.06162 1.07631 0.966303 -0.0168712 0.00247345 -0.256843
1403715522.760038262 0.443233 2.06206 1.07661 0.96605 -0.0176767 0.00364726 -0.257726
1403715522.869770968 0.443224 2.06206 1.07661 0.966033 -0.0177345 0.00349929 -0.257785
1403715522.969858465 0.443228 2.06204 1.0766 0.966043 -0.0176985 0.00338765 -0.257751
1403715523.069848539 0.443078 2.06166 1.07638 0.966297 -0.0169427 0.00265526 -0.25686
1403715523.169809008 0.442999 2.0617 1.07634 0.966252 -0.0169464 0.00260893 -0.257026
1403715523.269795617 0.443141 2.06203 1.07662 0.966036 -0.0175068 0.0033827 -0.257791
1403715523.379933818 0.443208 2.06202 1.07656 0.966061 -0.0176086 0.00350508 -0.25769
1403715523.489892201 0.443218 2.06212 1.07662 0.966069 -0.0178837 0.00351673 -0.257641
1403715523.599792555 0.443192 2.06199 1.07655 0.966078 -0.0175372 0.00328511 -0.257635
1403715523.699889118 0.443175 2.06203 1.07657 0.966035 -0.017555 0.00339963 -0.257793
1403715523.809802781 0.443084 2.06177 1.07643 0.966257 -0.0172511 0.0027537 -0.256988
1403715523.919795429 0.443226 2.06203 1.07654 0.966081 -0.0176285 0.00334739 -0.257615
1403715523.939885645 0.443033 2.06168 1.07639 0.966261 -0.0169965 0.00273233 -0.256989
1403715524.129852549 0.443021 2.0617 1.07634 0.966262 -0.0170413 0.00251676 -0.256986
1403715524.229823474 0.443389 2.06247 1.07643 0.966212 -0.0204454 0.00376719 -0.25691
1403715524.329846854 0.443592 2.06292 1.07662 0.965939 -0.0217919 0.00490334 -0.257806
1403715524.429865466 0.443206 2.06207 1.07658 0.966064 -0.0177393 0.00337076 -0.257671
1403715524.559854928 0.443603 2.06288 1.0766 0.965934 -0.0215468 0.00469664 -0.257846
1403715524.649847720 0.443177 2.06204 1.07659 0.966062 -0.0175892 0.00330166 -0.257688
1403715524.769891036 0.443028 2.06166 1.07635 0.966274 -0.0168264 0.0025992 -0.256954
1403715524.889804019 0.443067 2.0622 1.07679 0.965973 -0.0183691 0.00333043 -0.25797
1403715525.009838935 0.44241 2.06177 1.07652 0.966403 -0.0155832 0.00133869 -0.256556
1403715525.089821111 0.442536 2.062 1.07676 0.96606 -0.0157808 0.00224776 -0.257826
1403715525.219951625 0.442365 2.06173 1.07664 0.96627 -0.0138076 0.00190986 -0.257154
1403715525.319929741 0.442668 2.06143 1.07615 0.966173 -0.0128267 0.000198152 -0.257576
1403715525.419909896 0.442839 2.06196 1.07682 0.966158 -0.0157231 0.00311318 -0.257453
1403715525.529967909 0.442641 2.0615 1.07671 0.966145 -0.0135054 0.00243587 -0.257634
1403715525.639913009 0.442913 2.06186 1.07674 0.966275 -0.0153826 0.0031727 -0.257033
1403715525.764221810 0.442781 2.06199 1.07694 0.966064 -0.0165889 0.00288342 -0.257753
1403715525.869921295 0.444075 2.0624 1.07723 0.966028 -0.0211921 0.00445726 -0.257528
1403715525.979874988 0.442843 2.06217 1.07703 0.966274 -0.0167415 0.00199159 -0.256965
1403715526.079911593 0.443702 2.06233 1.0769 0.965995 -0.0200793 0.00316363 -0.257762
1403715526.179937710 0.442623 2.06182 1.07689 0.966559 -0.0164847 0.00152271 -0.25591
1403715526.289906532 0.443043 2.06256 1.07729 0.966021 -0.0180176 0.00340202 -0.257813
1403715526.389969237 0.442729 2.06184 1.07683 0.966486 -0.0163229 0.00133666 -0.256197
1403715526.509906870 0.442682 2.06133 1.07616 0.966576 -0.0137587 -0.00134033 -0.256008
1403715526.619989663 0.443497 2.0623 1.07754 0.966264 -0.0190953 0.00433068 -0.256808
1403715526.729928851 0.442945 2.06238 1.07721 0.966395 -0.0175352 0.00164253 -0.256458
1403715526.829912892 0.442512 2.0619 1.07667 0.966407 -0.0160474 0.00129651 -0.256513
1403715526.939931415 0.443296 2.06239 1.07773 0.966243 -0.0183848 0.00328773 -0.256953
1403715527.049911196 0.442432 2.06077 1.07597 0.966454 -0.0100255 -0.00304905 -0.256625
1403715527.169922194 0.441961 2.06167 1.07658 0.966683 -0.0152368 0.000111484 -0.255523
1403715527.270052867 0.4423 2.06199 1.07668 0.966337 -0.0153473 0.000441932 -0.256822
1403715527.380015558 0.443042 2.06245 1.07761 0.96599 -0.0169391 0.00309817 -0.258005
1403715527.489928553 0.443824 2.06244 1.07821 0.966127 -0.0189128 0.00486395 -0.257327
1403715527.609925684 0.441864 2.06183 1.07698 0.966402 -0.013662 -0.000539476 -0.256671
1403715527.709979885 0.443145 2.06173 1.07771 0.966452 -0.0160962 0.00209889 -0.256333
1403715527.819928467 0.442763 2.06186 1.07748 0.966501 -0.0150005 0.00196018 -0.256216
1403715527.919961319 0.443074 2.06175 1.07816 0.966533 -0.0155974 0.00201072 -0.256061
1403715528.029948807 0.443038 2.06181 1.07839 0.966566 -0.0155509 0.00178545 -0.25594
1403715528.170058420 0.442987 2.06178 1.07853 0.966563 -0.0151162 0.00218795 -0.255975
1403715528.280013893 0.443207 2.06171 1.07882 0.966443 -0.0143768 0.00237457 -0.256467
1403715528.379973188 0.443975 2.06157 1.0793 0.966258 -0.0143884 0.00535279 -0.257118
1403715528.479930636 0.446837 2.06013 1.08232 0.966328 -0.0128782 0.0124236 -0.25669
1403715528.589927812 0.451448 2.06037 1.09147 0.966036 -0.00616083 0.0151141 -0.25789
1403715528.689955334 0.457685 2.06236 1.10634 0.965325 -0.00304221 0.0108295 -0.260808
1403715528.810068765 0.468054 2.06646 1.12999 0.964776 -0.00439512 0.00717325 -0.262938
1403715528.919970247 0.479604 2.07173 1.15634 0.964538 -0.00699375 0.0040154 -0.26382
1403715529.030044365 0.492167 2.07911 1.18387 0.964909 -0.0104292 0.00445238 -0.26234
1403715529.129931410 0.504319 2.08499 1.21163 0.966599 -0.00377245 0.00579382 -0.256201
1403715529.230144080 0.517985 2.09312 1.24937 0.970019 -0.00176873 0.00860101 -0.242872
1403715529.380053167 0.54253 2.10555 1.3103 0.976565 -0.0031579 0.0180731 -0.214439
1403715529.510033856 0.567232 2.11651 1.34891 0.981428 -0.00424433 0.0183078 -0.19091
1403715529.620011488 0.592221 2.12706 1.37021 0.983823 -0.00771878 0.017706 -0.178099
1403715529.730030565 0.61968 2.13801 1.38519 0.985802 -0.0127056 0.0144165 -0.166811
1403715529.829891353 0.647384 2.14905 1.40165 0.986994 -0.0115172 0.0119774 -0.159896
1403715529.980081488 0.691886 2.16905 1.43386 0.987846 -0.00928977 0.00720616 -0.15499
1403715530.099939300 0.727789 2.19054 1.46497 0.988066 -0.018328 -0.00404807 -0.152883
1403715530.190001546 0.755411 2.20968 1.49309 0.987961 -0.0261869 -0.00569788 -0.152364
1403715530.339955504 0.801055 2.25046 1.56197 0.987727 -0.0299165 0.00350726 -0.153259
1403715530.469876141 0.840873 2.29535 1.64603 0.988172 -0.0223105 0.00771133 -0.151521
1403715530.569896589 0.871385 2.33443 1.71364 0.989315 -0.0153853 0.00687522 -0.144817
1403715530.679876244 0.905368 2.38133 1.77522 0.990343 -0.0115934 0.00536934 -0.138049
1403715530.799859758 0.944013 2.43463 1.82757 0.992159 -0.00626611 0.00415747 -0.124757
1403715530.919946635 0.982869 2.49051 1.87746 0.994359 -0.00826589 0.00729327 -0.105488
1403715531.019963754 1.01574 2.53657 1.91708 0.99575 -0.00574232 0.0116071 -0.0911821
1403715531.119940114 1.05342 2.58284 1.95442 0.996072 0.000880255 0.0304951 -0.0831299
1403715531.230003576 1.09947 2.632 1.9902 0.995875 0.00773507 0.0487645 -0.0761273
1403715531.330036047 1.14276 2.67192 2.01982 0.996514 0.0244006 0.0346155 -0.0718777
1403715531.459970416 1.20627 2.71858 2.05511 0.997042 0.031042 0.0156592 -0.0685391
1403715531.549960117 1.25302 2.74587 2.07161 0.997341 0.0269806 0.00884694 -0.0671235
1403715531.680031474 1.32113 2.77495 2.07664 0.997306 0.0326211 0.00739122 -0.0652812
1403715531.785487509 1.37202 2.7943 2.07354 0.997664 0.0194792 0.00471276 -0.0653089
1403715531.910052050 1.43553 2.81323 2.07234 0.997656 0.00467897 -0.00846381 -0.0677366
1403715532.020207109 1.48523 2.82576 2.0714 0.997452 -0.003153 -0.0166383 -0.0692989
1403715532.130095228 1.52932 2.83775 2.07034 0.997309 -0.00638833 -0.0201552 -0.0701984
1403715532.229928363 1.56368 2.84986 2.06818 0.997182 -0.0091684 -0.0220629 -0.0711143
1403715532.349969805 1.59806 2.86425 2.06513 0.997682 -0.0035876 -0.0216837 -0.0643947
1403715532.460110343 1.62312 2.8765 2.06132 0.997996 0.00721625 -0.0164382 -0.0606721
1403715532.579910608 1.64335 2.88664 2.05608 0.997971 0.0217979 -0.0152237 -0.0578593
1403715532.680141984 1.65375 2.88831 2.04957 0.997497 0.0400862 -0.0198641 -0.054756
1403715532.779941312 1.65917 2.88421 2.04211 0.99694 0.0519065 -0.025885 -0.052396
1403715532.889962426 1.65816 2.86963 2.03188 0.996421 0.0569714 -0.0271685 -0.0562329
1403715533.029987686 1.64596 2.83246 2.00667 0.994885 0.0632976 -0.0258275 -0.0743609
1403715533.130022871 1.62875 2.79317 1.97434 0.99284 0.0653181 -0.0245682 -0.0969509
1403715533.250006377 1.59806 2.73538 1.9364 0.989168 0.0580779 -0.0374266 -0.129511
1403715533.340059954 1.56671 2.68231 1.91914 0.986049 0.046582 -0.0421302 -0.154153
1403715533.460037753 1.51119 2.59965 1.91665 0.983368 0.0375854 -0.036861 -0.173829
1403715533.560035361 1.45641 2.52227 1.9326 0.980501 0.0456413 -0.0268045 -0.189253
1403715533.640046366 1.40509 2.45341 1.95515 0.978602 0.0583985 -0.0209587 -0.196184
1403715533.769995871 1.31228 2.3272 2.01088 0.975895 0.0756486 -0.0144322 -0.204203
1403715533.870014607 1.23491 2.21967 2.06271 0.975354 0.0727779 -0.00903757 -0.2081
1403715533.980154901 1.14606 2.09109 2.1117 0.975942 0.0575117 -0.00489662 -0.210252
1403715534.100057806 1.04661 1.942 2.14668 0.976561 0.0385703 -0.000257523 -0.211758
1403715534.220036945 0.947024 1.78748 2.16371 0.977531 0.0185602 0.0026606 -0.209954
1403715534.320114810 0.864424 1.65662 2.1637 0.977835 0.0090948 0.00581601 -0.209098
1403715534.390079571 0.808378 1.56551 2.1574 0.977914 0.00175478 0.00763126 -0.208863
1403715534.540223639 0.691006 1.37173 2.12387 0.975551 -0.000374715 0.0086036 -0.219604
1403715534.649991867 0.609372 1.23273 2.09291 0.971733 -0.00123444 0.0101369 -0.235861
1403715534.770069589 0.526116 1.08458 2.05911 0.964983 -0.00100063 0.016386 -0.261799
1403715534.870168921 0.462828 0.962412 2.02928 0.956664 -1.29367e-05 0.0274468 -0.289897
1403715534.970174607 0.405518 0.841458 1.99929 0.946891 0.00267023 0.0346754 -0.319667
1403715535.080124468 0.351263 0.70961 1.96596 0.937489 -0.00191425 0.0448308 -0.345111
1403715535.180082760 0.30986 0.587264 1.9361 0.92969 0.00817901 0.0517455 -0.364598
1403715535.290054621 0.2776 0.45051 1.90403 0.923412 0.0120813 0.0651931 -0.37804
1403715535.390093214 0.258735 0.322861 1.87843 0.919906 0.0166507 0.0669268 -0.386027
1403715535.520086613 0.241237 0.14644 1.84498 0.916657 0.0389159 0.0453672 -0.395179
1403715535.620085135 0.237316 0.00622414 1.82141 0.918168 0.0352242 0.0260944 -0.393759
1403715535.730097361 0.238869 -0.151925 1.7965 0.92043 0.0198084 0.0192848 -0.389928
1403715535.840125579 0.23967 -0.31542 1.76973 0.926855 0.016044 0.0101401 -0.37494
1403715535.960070350 0.247654 -0.493015 1.74239 0.936098 -0.000120609 0.0212859 -0.351095
1403715536.060080168 0.258785 -0.640719 1.72133 0.942582 -0.00525206 0.03516 -0.332076
1403715536.150066125 0.273466 -0.773704 1.70362 0.946354 -0.00350251 0.0441044 -0.32009
1403715536.270094256 0.304326 -0.947583 1.68177 0.950862 -0.00698011 0.054171 -0.30476
1403715536.380059425 0.345351 -1.10255 1.66603 0.954277 -0.0190498 0.0568804 -0.292844
1403715536.480175508 0.394248 -1.237 1.65521 0.95585 -0.0372467 0.0531688 -0.286596
1403715536.590164820 0.461086 -1.37596 1.64615 0.957292 -0.0559905 0.0457764 -0.27993
1403715536.690172447 0.531057 -1.49322 1.63932 0.959057 -0.0594913 0.0342388 -0.274771
1403715536.770014475 0.592563 -1.5749 1.6367 0.959289 -0.0673179 0.0145376 -0.273899
1403715536.910149836 0.707397 -1.69429 1.6348 0.960325 -0.0835751 -0.0102322 -0.26587
1403715537.020118054 0.799764 -1.75901 1.63522 0.958429 -0.107199 -0.0300466 -0.262714
1403715537.120066330 0.880245 -1.7926 1.63897 0.95535 -0.127392 -0.0505803 -0.261763
1403715537.230119361 0.958153 -1.79847 1.64835 0.953349 -0.127507 -0.0828422 -0.260776
1403715537.340013186 1.02387 -1.76979 1.66397 0.953728 -0.106256 -0.109491 -0.259084
1403715537.440025000 1.06989 -1.71804 1.68517 0.957258 -0.0685199 -0.103206 -0.261362
1403715537.540263850 1.10468 -1.64496 1.71216 0.961014 -0.0376352 -0.0700634 -0.264814
1403715537.640118057 1.12678 -1.56036 1.73883 0.962336 -0.00861852 -0.0358779 -0.269348
1403715537.770092497 1.13743 -1.44229 1.77402 0.961691 0.00184985 -0.0301045 -0.272472
1403715537.870206981 1.13541 -1.3486 1.79791 0.960903 0.00595749 -0.0432124 -0.273426
1403715537.980093495 1.12163 -1.24716 1.82415 0.959305 0.00989746 -0.0501859 -0.2777
1403715538.080152499 1.1009 -1.15574 1.84801 0.959325 0.0152768 -0.0407501 -0.278928
1403715538.200207119 1.06604 -1.04762 1.87143 0.957587 0.0216542 -0.0271468 -0.286043
1403715538.300106858 1.02774 -0.961837 1.87806 0.953671 0.0307416 -0.0234639 -0.298354
1403715538.420140277 0.971676 -0.860451 1.87062 0.94617 0.0265718 -0.0347873 -0.320698
1403715538.530071922 0.913757 -0.766357 1.85958 0.937759 0.00143982 -0.0458047 -0.34425
1403715538.640090632 0.845962 -0.67126 1.84962 0.928022 -0.0208861 -0.0509543 -0.368433
1403715538.740134813 0.776634 -0.582092 1.84279 0.91666 -0.0235321 -0.045864 -0.396331
1403715538.860087042 0.685728 -0.471493 1.83416 0.901515 -0.0154895 -0.0286752 -0.431519
1403715538.960182750 0.606287 -0.373812 1.82332 0.88518 -0.0141878 -0.0130038 -0.46485
1403715539.050095147 0.533011 -0.285258 1.80314 0.865258 -0.00599586 -0.0108446 -0.501174
1403715539.170141348 0.436993 -0.163771 1.76199 0.836351 -0.00665747 -0.00395512 -0.54814
1403715539.280073066 0.347632 -0.052253 1.7084 0.807829 -0.00261294 -0.00532873 -0.589388
1403715539.390099946 0.262805 0.0570605 1.64222 0.780619 0.00268048 0.00722187 -0.62496
1403715539.490256125 0.188409 0.154833 1.58215 0.759599 0.00360126 0.0127585 -0.650257
1403715539.590153586 0.113238 0.248973 1.53807 0.74164 0.0154012 0.0093645 -0.670556
1403715539.710182265 0.0263204 0.356069 1.50861 0.729342 0.0235731 -0.00131146 -0.683742
1403715539.800116593 -0.0389337 0.43166 1.50186 0.724661 0.0242978 -0.0084683 -0.688625
1403715539.920277956 -0.125815 0.525848 1.51453 0.724487 0.0262189 -0.00257308 -0.688785
1403715540.030204006 -0.211155 0.601737 1.54757 0.727132 0.043029 0.00512078 -0.685129
1403715540.140191739 -0.299575 0.663698 1.58572 0.729709 0.0659203 0.0164665 -0.680373
1403715540.240134987 -0.38452 0.708496 1.62265 0.732392 0.0782558 0.01782 -0.676136
1403715540.360165389 -0.488827 0.745602 1.66766 0.735279 0.071105 0.0175431 -0.673796
1403715540.470142749 -0.586482 0.763707 1.70746 0.73698 0.0547188 0.0279397 -0.673116
1403715540.570563080 -0.676295 0.764058 1.73943 0.737235 0.0523334 0.0476401 -0.67192
1403715540.700193010 -0.793304 0.743819 1.77431 0.734009 0.0616807 0.0564445 -0.673974
1403715540.820202393 -0.903025 0.704122 1.80177 0.728636 0.0764331 0.0454756 -0.679102
1403715540.920373680 -0.992538 0.654851 1.82214 0.726406 0.0712566 0.034643 -0.682683
1403715541.030099704 -1.09113 0.586388 1.84245 0.727071 0.0590545 0.0279676 -0.683445
1403715541.140216025 -1.19105 0.501658 1.86008 0.727409 0.0518666 0.0256337 -0.683761
1403715541.250159992 -1.29669 0.407694 1.87771 0.728141 0.0545478 0.0105605 -0.683172
1403715541.360106056 -1.40414 0.306603 1.89151 0.726423 0.0494458 -0.00878086 -0.68541
1403715541.470228232 -1.51135 0.196924 1.90359 0.725631 0.0362616 0.00433459 -0.687115
1403715541.540195549 -1.58222 0.123401 1.90946 0.72415 0.0392524 0.0131861 -0.688398
1403715541.680138908 -1.72323 -0.0316561 1.92093 0.722841 0.0396832 0.0346825 -0.689001
1403715541.780201019 -1.81804 -0.14917 1.9274 0.722894 0.0222375 0.0484813 -0.688897
1403715541.890207429 -1.91385 -0.283588 1.93328 0.724483 -0.00922431 0.0587521 -0.686723
1403715541.990214122 -1.98843 -0.411768 1.93902 0.727999 -0.0301673 0.0649805 -0.681825
1403715542.110216949 -2.0569 -0.566213 1.94582 0.737104 -0.0537763 0.0656077 -0.670434
1403715542.220161387 -2.09816 -0.704457 1.95372 0.751873 -0.0713166 0.05233 -0.653348
1403715542.290205150 -2.11353 -0.788505 1.9595 0.763017 -0.0765617 0.0385852 -0.640667
1403715542.440191704 -2.12755 -0.954112 1.97726 0.790431 -0.0625223 -0.00639001 -0.609318
1403715542.560350416 -2.12217 -1.0663 1.99148 0.8096 -0.0530225 -0.0350567 -0.58353
1403715542.670185290 -2.10959 -1.15347 2.00341 0.820547 -0.0464082 -0.0301653 -0.568893
1403715542.780157358 -2.09769 -1.22667 2.01294 0.828167 -0.0357237 -0.0289935 -0.55859
1403715542.880234405 -2.08465 -1.28222 2.01526 0.833304 -0.0284902 -0.0195755 -0.551734
1403715542.980193258 -2.07499 -1.33219 2.01164 0.837762 -0.0170168 -0.0132616 -0.545608
1403715543.090087169 -2.06769 -1.37609 1.99889 0.83752 -0.0107809 -0.0223858 -0.545841
1403715543.200190455 -2.06208 -1.41224 1.97792 0.837767 -0.0071147 -0.0298309 -0.545166
1403715543.310303454 -2.06293 -1.44429 1.95866 0.837459 -0.00272195 -0.0381998 -0.545157
1403715543.390272780 -2.06197 -1.45799 1.94594 0.832027 -0.0164036 -0.0331764 -0.553499
1403715543.520329051 -2.07863 -1.48048 1.92504 0.833771 -0.0179714 -0.0327567 -0.550845
1403715543.620440012 -2.09828 -1.4876 1.90866 0.831977 -0.0162364 -0.0477724 -0.552512
1403715543.720308312 -2.11482 -1.48221 1.88963 0.830236 -0.0348617 -0.0467229 -0.554355
1403715543.827392661 -2.13225 -1.46409 1.8683 0.824134 -0.0618163 -0.039447 -0.561627
1403715543.930162687 -2.15126 -1.43272 1.8456 0.809111 -0.0782306 -0.0310575 -0.581596
1403715544.030181472 -2.16308 -1.38747 1.8209 0.794148 -0.0867441 -0.0143087 -0.601331
1403715544.170347418 -2.17112 -1.30613 1.777 0.764306 -0.0690715 -0.00451791 -0.641128
1403715544.280318565 -2.17056 -1.22708 1.72337 0.72891 -0.0485165 -0.00590388 -0.682863
1403715544.380254842 -2.16543 -1.14994 1.66037 0.694043 -0.02707 -0.0149878 -0.719268
1403715544.490240528 -2.15071 -1.05966 1.5809 0.654631 -0.0176473 -0.010822 -0.755665
1403715544.590145511 -2.13751 -0.971256 1.50827 0.621821 -0.00942926 -0.0207115 -0.782829
1403715544.700356748 -2.11759 -0.871566 1.44624 0.595827 -0.00918962 -0.0188062 -0.80284
1403715544.820248855 -2.09395 -0.755585 1.41662 0.581923 -0.024088 -0.0216586 -0.812598
1403715544.930324265 -2.07014 -0.642082 1.42178 0.578927 -0.0262623 -0.0239577 -0.814604
1403715545.040196806 -2.04291 -0.52515 1.44578 0.574793 -0.0199955 -0.0208355 -0.817789
1403715545.160349654 -2.0081 -0.393343 1.47119 0.567221 -0.0136058 -0.0113813 -0.823375
1403715545.270375349 -1.97329 -0.271333 1.48228 0.553659 -0.0101516 -0.00518916 -0.832665
1403715545.380316690 -1.93794 -0.148825 1.47832 0.538843 -0.00211087 -0.00658119 -0.842378
1403715545.480299607 -1.90542 -0.0358893 1.47227 0.52896 0.00497427 -0.0169054 -0.848463
1403715545.590207942 -1.87451 0.0886477 1.47145 0.51829 0.0184314 -0.0310434 -0.854443
1403715545.720420872 -1.8456 0.238631 1.47815 0.512858 0.0237034 -0.0436404 -0.857036
1403715545.834808275 -1.83091 0.367974 1.48455 0.519946 0.0242762 -0.0381732 -0.853
1403715545.940212279 -1.82357 0.500637 1.48894 0.532208 0.0182982 -0.0311911 -0.845841
1403715546.060397458 -1.82132 0.646866 1.4954 0.557507 0.00801772 -0.0168322 -0.829963
1403715546.160188540 -1.82352 0.769874 1.50333 0.588074 0.00209828 -0.00978838 -0.808745
1403715546.240170071 -1.82633 0.86762 1.51032 0.615874 0.000746453 -0.0071839 -0.787811
1403715546.390336873 -1.83223 1.04901 1.52683 0.671406 0.00348189 -0.00845644 -0.741033
1403715546.490421151 -1.83595 1.16901 1.54216 0.705886 0.00377991 -0.00732606 -0.708277
1403715546.610241807 -1.8397 1.30817 1.56192 0.74996 0.00696728 0.000220292 -0.661447
1403715546.710246050 -1.84413 1.4224 1.57989 0.78268 0.00948423 0.0110938 -0.622253
1403715546.790221868 -1.84426 1.50711 1.59008 0.807417 0.0175092 0.0264472 -0.589128
1403715546.920393864 -1.84415 1.63676 1.60771 0.843955 0.0325232 0.0408511 -0.533867
1403715547.030255698 -1.83689 1.73789 1.62289 0.870619 0.0214999 0.0544802 -0.488459
1403715547.180296138 -1.8132 1.85705 1.64135 0.90236 0.00830474 0.0633266 -0.426223
1403715547.280405444 -1.78777 1.92609 1.65337 0.921431 0.00323331 0.0634454 -0.383313
1403715547.380426011 -1.75002 1.98907 1.66449 0.935887 -0.00302348 0.0691799 -0.345428
1403715547.490241391 -1.69592 2.05155 1.6757 0.949199 -0.000829665 0.0752802 -0.305539
1403715547.590239752 -1.63273 2.10385 1.68287 0.959711 -0.00146539 0.0826448 -0.268555
1403715547.680217875 -1.56397 2.1476 1.68816 0.968468 -0.00266586 0.0870694 -0.233414
1403715547.860278313 -1.38958 2.22808 1.69751 0.982297 -0.00960352 0.0909241 -0.1635
1403715547.970413417 -1.26092 2.27393 1.70244 0.988949 -0.00875677 0.0796735 -0.124717
1403715548.070405677 -1.13263 2.31516 1.7068 0.993344 -0.00874679 0.0595568 -0.0982063
1403715548.180313647 -0.981102 2.36265 1.70908 0.996008 -0.0134481 0.0359926 -0.0805756
1403715548.280355238 -0.838535 2.4086 1.71008 0.996946 -0.0215784 0.0187416 -0.0726803
1403715548.380348108 -0.692772 2.45668 1.70534 0.997183 -0.0253527 0.0118269 -0.0696017
1403715548.490308737 -0.531707 2.51388 1.68707 0.996989 -0.0262705 0.0120963 -0.0719454
1403715548.590338989 -0.385928 2.56813 1.66422 0.996865 -0.0212067 0.0118888 -0.0752869
1403715548.700396367 -0.226524 2.63134 1.6397 0.996582 -0.0125771 0.0115093 -0.0808261
1403715548.790258877 -0.0970246 2.68558 1.62031 0.996209 -0.00708392 0.0108255 -0.0860212
1403715548.910274788 0.0754273 2.75955 1.5959 0.995752 -0.00704074 0.0104945 -0.0912094
1403715549.010310655 0.217628 2.8214 1.57567 0.995862 -0.00430538 0.00790623 -0.0904306
1403715549.090367655 0.329998 2.87242 1.5605 0.996405 -0.00838659 0.00535635 -0.0841294
1403715549.240280984 0.531766 2.96691 1.53335 0.997481 -0.0111616 -0.0168539 -0.0679976
1403715549.340316515 0.657672 3.02883 1.51652 0.997659 -0.00228644 -0.0353678 -0.0584803
1403715549.460349263 0.800361 3.10208 1.49891 0.998005 0.00623135 -0.0368426 -0.0508875
1403715549.560363649 0.911027 3.15794 1.48511 0.998263 0.0242166 -0.0245645 -0.0477516
1403715549.660446921 1.01402 3.20828 1.47316 0.997888 0.0436686 -0.012008 -0.0465693
1403715549.770304830 1.11888 3.25455 1.45932 0.996838 0.0544497 -0.00710557 -0.0574297
1403715549.870320483 1.20824 3.28445 1.44904 0.99495 0.0632237 -0.0109751 -0.0771804
1403715549.980365818 1.30184 3.30094 1.44209 0.991103 0.0763158 -0.0105053 -0.108535
1403715550.080383661 1.37698 3.29762 1.4351 0.985747 0.0884917 -0.00806483 -0.142852
1403715550.190359642 1.45744 3.27781 1.43845 0.979274 0.0806398 -0.00100799 -0.185792
1403715550.290284898 1.52247 3.24117 1.45341 0.972349 0.0662369 0.00765172 -0.22381
1403715550.420396120 1.59613 3.16847 1.49087 0.960419 0.0530194 0.0103239 -0.273271
1403715550.530205045 1.65457 3.09464 1.53405 0.94893 0.039684 0.00472124 -0.312946
1403715550.630306385 1.70307 3.01806 1.56482 0.935947 0.0353082 0.00316807 -0.350353
1403715550.740261973 1.75124 2.92474 1.58257 0.918214 0.0439185 0.00149035 -0.393639
1403715550.830401821 1.78511 2.84334 1.58621 0.902462 0.0540183 -0.0038379 -0.427351
1403715550.950388660 1.82133 2.72675 1.5767 0.881075 0.0705814 -0.0132866 -0.467491
1403715551.060298804 1.84303 2.61018 1.5627 0.859672 0.0701929 -0.0152077 -0.505772
1403715551.160263956 1.84966 2.49483 1.56134 0.840307 0.0630264 -0.0173426 -0.538155
1403715551.260287823 1.84351 2.37305 1.57714 0.817429 0.0643566 -0.0255561 -0.571853
1403715551.370367026 1.81977 2.22934 1.60139 0.791902 0.0688248 -0.0308546 -0.605972
1403715551.440407676 1.79467 2.13527 1.61604 0.773536 0.0742171 -0.0392258 -0.628168
1403715551.590352561 1.72084 1.93162 1.64883 0.733057 0.0631776 -0.0439981 -0.675796
1403715551.710381886 1.64113 1.76996 1.67372 0.699627 0.0401183 -0.0482846 -0.711745
1403715551.800303593 1.57004 1.65247 1.69162 0.673554 0.0219084 -0.0529375 -0.736914
1403715551.920396766 1.46363 1.50716 1.71474 0.636775 0.00192463 -0.0682527 -0.768021
1403715552.020579337 1.36965 1.39813 1.73362 0.604972 -0.0182948 -0.069015 -0.793039
1403715552.130336563 1.26063 1.29344 1.75192 0.571371 -0.0259654 -0.0642697 -0.817759
1403715552.190396178 1.20168 1.24277 1.76189 0.552215 -0.0307041 -0.0562206 -0.831237
1403715552.400454848 1.00337 1.11139 1.79058 -0.480264 0.0579512 0.0522288 0.873648
1403715552.500341724 0.918666 1.07086 1.80269 -0.442003 0.0651526 0.0496486 0.893266
1403715552.580371881 0.856502 1.05084 1.81129 -0.407891 0.0669295 0.0561259 0.908843
1403715552.740402862 0.75093 1.03995 1.82678 -0.334837 0.0664566 0.0689315 0.937399
1403715552.840246575 0.695892 1.05442 1.83304 -0.285042 0.0602032 0.0789012 0.953363
1403715552.980426050 0.632657 1.10191 1.8383 -0.214478 0.0421513 0.0893405 0.97172
1403715553.090330187 0.591167 1.16419 1.83634 -0.159651 0.0278711 0.104059 0.981278
1403715553.210483601 0.554223 1.25429 1.8309 -0.100632 0.0277512 0.101623 0.989331
1403715553.320363307 0.528509 1.361 1.82128 -0.0495273 0.0399941 0.106014 0.992325
1403715553.420545001 0.515243 1.47444 1.8096 -0.00309301 0.0631349 0.0992788 0.99305
1403715553.530388998 0.514582 1.61084 1.7927 0.0496199 0.0891657 0.0718926 0.992179
1403715553.640405189 0.532488 1.75937 1.77223 0.0933756 0.102653 0.045089 0.989298
1403715553.750435819 0.56927 1.91431 1.75212 0.124736 0.0925656 0.0283041 0.987457
1403715553.870481412 0.628799 2.08469 1.73338 0.145602 0.0534008 0.00915822 0.987859
1403715553.980346263 0.695958 2.23856 1.7185 0.154159 0.0177047 0.000271207 0.987887
1403715554.090330748 0.764933 2.39082 1.70638 0.157576 -0.0230762 0.00275761 0.987233
1403715554.200410854 0.826883 2.54261 1.6933 0.154615 -0.062241 0.0112905 0.985948
1403715554.340591633 0.888003 2.73145 1.67618 0.152181 -0.090234 0.00355849 0.984219
1403715554.460439663 0.917558 2.88208 1.64878 0.139182 -0.0866826 -0.0498267 0.985206
1403715554.560526928 0.92794 2.98865 1.61172 0.118288 -0.060099 -0.130223 0.982567
1403715554.665895721 0.924797 3.07167 1.56429 0.099518 -0.0307916 -0.203287 0.973562
1403715554.770411163 0.91048 3.12438 1.50258 0.0918479 -0.00513217 -0.242886 0.965683
1403715554.870364564 0.890729 3.1136 1.45498 0.0864478 0.0132308 -0.266109 0.959967
1403715554.970631457 0.8689 3.03519 1.43108 0.0901105 0.0324639 -0.259534 0.960973
1403715555.090507478 0.848364 2.8644 1.44841 0.10114 0.0381188 -0.173871 0.978819
1403715555.180538343 0.835044 2.70017 1.48059 0.110838 0.0259456 -0.0821631 0.990096
1403715555.300525446 0.818446 2.46752 1.51508 0.117351 -0.00321768 0.0455944 0.992038
1403715555.390482296 0.809162 2.29384 1.52119 0.119385 -0.0114091 0.105716 0.987138
1403715555.510522310 0.799267 2.07864 1.52888 0.120719 -0.00265574 0.110462 0.986518
1403715555.620580479 0.793817 1.91184 1.55183 0.121286 0.0109842 0.0894907 0.988514
1403715555.690548242 0.790429 1.81993 1.5759 0.119086 0.0100143 0.0711834 0.990278
1403715555.850605309 0.78928 1.65363 1.65365 0.110956 -0.00368263 0.0784562 0.990717
1403715555.960466058 0.791026 1.56872 1.72505 0.105474 -0.0116088 0.0922409 0.990067
1403715556.060532005 0.792899 1.51402 1.78976 0.102238 -0.0203552 0.110442 0.988401
1403715556.160469279 0.794364 1.47912 1.84324 0.100036 -0.0215716 0.123477 0.987057
1403715556.260368035 0.796828 1.46565 1.89068 0.0985409 -0.00926837 0.124905 0.98722
1403715556.370457569 0.799051 1.47792 1.943 0.0955478 -0.00132296 0.111333 0.989178
1403715556.440439900 0.801461 1.49926 1.97325 0.0926846 0.00213288 0.10507 0.990134
1403715556.590573476 0.805306 1.56482 2.02029 0.0872448 -0.00723527 0.0508396 0.994862
1403715556.730389783 0.807705 1.64914 2.03112 0.0810798 -0.0218349 0.0279578 0.996076
1403715556.830458907 0.807557 1.71352 2.02153 0.0778421 -0.027676 0.00915674 0.996539
1403715556.930523896 0.802629 1.77793 2.00732 0.0747967 -0.0249788 -0.0110735 0.996824
1403715557.030487756 0.791746 1.84215 1.99353 0.072647 -0.0304375 -0.0150412 0.99678
1403715557.130633205 0.772134 1.9063 1.98081 0.0733057 -0.0468816 -0.000695321 0.996207
1403715557.240491217 0.738089 1.9746 1.96933 0.0738415 -0.0673929 0.0119207 0.994919
1403715557.350278738 0.69042 2.04288 1.95805 0.0760433 -0.0791282 0.0189686 0.993779
1403715557.450398634 0.633119 2.10596 1.94665 0.0785858 -0.0788404 0.0186282 0.99361
1403715557.490484928 0.606815 2.13145 1.9415 0.0784579 -0.0737085 0.0156421 0.994066
1403715557.660481800 0.477275 2.23857 1.91749 0.0819897 -0.0368947 -0.00238439 0.995947
1403715557.770393707 0.38008 2.30553 1.90117 0.0849003 -0.0221393 -0.0122759 0.996068
1403715557.790498225 0.361434 2.31751 1.89886 0.0853103 -0.0205567 -0.0129253 0.996058
1403715557.980469349 0.177852 2.42591 1.89791 0.0961673 -0.0175019 0.0015247 0.99521
1403715558.090380953 0.0657182 2.48158 1.91833 0.100715 -0.0186823 -0.000230907 0.99474
1403715558.190482048 -0.03949 2.53107 1.94734 0.104307 -0.0246643 -0.00107878 0.994239
1403715558.310511616 -0.169602 2.58427 1.98372 0.108282 -0.0259312 -0.0158883 0.993655
1403715558.410533837 -0.278895 2.62491 2.01016 0.108195 -0.0147193 -0.0266796 0.993663
1403715558.510436367 -0.386687 2.66248 2.02988 0.108384 0.0101437 -0.0224679 0.993803
1403715558.620638792 -0.502193 2.6977 2.03958 0.10828 0.0345238 -0.0176299 0.993364
1403715558.730571767 -0.611152 2.72896 2.03539 0.107441 0.0475603 -0.0086429 0.993036
1403715558.830609384 -0.702994 2.74969 2.02744 0.0994107 0.047161 -0.0161895 0.993796
1403715558.930567697 -0.782804 2.76602 2.02022 0.0842104 0.0469363 -0.0257735 0.995008
1403715559.040359063 -0.857756 2.77786 2.01596 0.0630149 0.0493859 -0.0303448 0.996328
1403715559.150484120 -0.919879 2.78057 2.01668 0.0365307 0.050153 -0.0350393 0.997458
1403715559.260621901 -0.967808 2.77408 2.01871 0.00696184 0.0535851 -0.0352152 0.997918
1403715559.370752724 -1.00304 2.75642 2.02141 -0.0237299 0.0528469 -0.0432178 0.997385
1403715559.480438705 -1.02679 2.7299 2.02256 -0.0532158 0.0399512 -0.0489689 0.996581
1403715559.580549769 -1.04166 2.69913 2.01509 -0.0728739 0.0195794 -0.0410265 0.996305
1403715559.690583035 -1.05226 2.66006 1.99032 -0.0894524 0.00308915 -0.0283831 0.995582
1403715559.810533445 -1.05885 2.60569 1.95093 -0.107506 -0.000974798 -0.0381665 0.993471
1403715559.890632433 -1.0619 2.56714 1.92393 -0.122347 -0.00143851 -0.0365046 0.991815
1403715560.100446531 -1.06563 2.43769 1.85675 -0.170685 -0.00146969 -0.0548157 0.983799
1403715560.200461574 -1.06686 2.3636 1.83634 -0.19557 -0.00558664 -0.0467184 0.97956
1403715560.330531265 -1.06715 2.25396 1.83006 -0.228706 -0.0112518 -0.0319918 0.972905
1403715560.440627117 -1.06764 2.15186 1.83435 -0.255475 -0.0125168 -0.0246299 0.966421
1403715560.550488063 -1.06952 2.0444 1.83735 -0.281989 -0.014758 -0.0193265 0.95911
1403715560.650466076 -1.07247 1.94273 1.83897 -0.307028 -0.0147729 -0.0142496 0.951479
1403715560.740554009 -1.07477 1.84837 1.84149 -0.331221 -0.0120969 -0.0205033 0.943253
1403715560.860493533 -1.07921 1.71874 1.84527 -0.364072 -0.00813885 -0.0248369 0.931004
1403715560.970520112 -1.08283 1.59399 1.84954 -0.396012 -0.00430437 -0.0348457 0.917574
1403715561.070625513 -1.085 1.47714 1.85252 -0.427033 -0.00682762 -0.0315459 0.90366
1403715561.170580100 -1.08566 1.35721 1.85589 -0.457645 -0.00940648 -0.0250868 0.888731
1403715561.280509389 -1.08602 1.2209 1.86092 -0.483416 -0.0127255 -0.0185946 0.875101
1403715561.400752269 -1.08903 1.07156 1.86222 0.504604 0.0253242 -0.00793994 -0.862943
1403715561.500540415 -1.09286 0.945969 1.86393 0.523426 0.0250225 -0.0121988 -0.851616
1403715561.610501607 -1.09867 0.807409 1.86602 0.544384 0.015988 -0.00456431 -0.838671
1403715561.720547040 -1.1054 0.673363 1.86868 0.56158 -0.00332882 -0.000218184 -0.827416
1403715561.820539598 -1.11046 0.553489 1.87186 0.582268 -0.0150083 -0.00145419 -0.812857
1403715561.920597866 -1.11268 0.437928 1.87658 0.603634 -0.02825 -0.00265682 -0.796756
1403715562.030546048 -1.10783 0.319696 1.88295 0.625859 -0.0466895 -0.01096 -0.77846
1403715562.130610624 -1.09781 0.221794 1.88966 0.642815 -0.0578878 -0.021113 -0.763539
1403715562.240549648 -1.07642 0.12815 1.89897 0.652592 -0.0739244 -0.023468 -0.753729
1403715562.350508821 -1.04331 0.0481517 1.91053 0.659895 -0.0790861 -0.00772276 -0.747144
1403715562.460508197 -0.996758 -0.0195335 1.92245 0.662138 -0.0687181 0.0179336 -0.746009
1403715562.570542254 -0.932447 -0.0761794 1.93322 0.666808 -0.0706985 0.0445651 -0.740529
1403715562.590633130 -0.918378 -0.0856687 1.93476 0.669691 -0.0756083 0.0497117 -0.737106
1403715562.800528633 -0.755709 -0.176313 1.95397 0.690762 -0.033005 0.0318493 -0.721626
1403715562.890661196 -0.67322 -0.210932 1.96078 0.697919 -0.0123022 0.0167147 -0.715876
1403715563.020680558 -0.549999 -0.259552 1.96765 0.717034 0.00162562 0.00363224 -0.697027
1403715563.120643469 -0.453172 -0.294957 1.97079 0.733597 -0.00144473 -0.00411398 -0.679571
1403715563.230607679 -0.348093 -0.329059 1.97315 0.757834 -0.0163239 -0.0108151 -0.652153
1403715563.340640124 -0.244641 -0.35769 1.97371 0.786962 -0.0270888 -0.0244237 -0.615923
1403715563.470608321 -0.123452 -0.381126 1.97552 0.823271 -0.0372205 -0.0257722 -0.56584
1403715563.580714893 -0.0224534 -0.389403 1.96721 0.850772 -0.0437449 -0.02713 -0.523009
1403715563.690638734 0.0769534 -0.385307 1.9448 0.874597 -0.0557011 -0.0269642 -0.480885
1403715563.790648882 0.166442 -0.368975 1.91405 0.892257 -0.0683702 -0.0260103 -0.445563
1403715563.897327149 0.249581 -0.343558 1.87261 0.910967 -0.0571833 -0.038662 -0.406662
1403715564.010785018 0.345477 -0.298383 1.81226 0.931364 -0.0392994 -0.0474883 -0.358834
1403715564.120804052 0.424001 -0.248271 1.75394 0.948199 -0.0115356 -0.0494818 -0.313587
1403715564.230771264 0.489684 -0.191428 1.69797 0.963277 0.00857176 -0.053606 -0.262965
1403715564.340687620 0.542998 -0.129135 1.65196 0.976062 0.00803921 -0.0479411 -0.211993
1403715564.440757802 0.579955 -0.0736292 1.62398 0.986564 0.00999268 -0.0351213 -0.159243
1403715564.540795860 0.608698 -0.0197827 1.61285 0.994265 0.00439183 -0.0166977 -0.105543
1403715564.640845362 0.630251 0.0323574 1.61569 0.998556 0.00404498 -0.00389057 -0.0534343
1403715564.760726373 0.650267 0.0954886 1.63919 0.999932 -0.00800899 0.000374414 0.00852005
1403715564.870567865 0.667995 0.155168 1.67765 0.997735 -0.0170743 -0.00100241 0.0650625
1403715564.970674037 0.681072 0.212176 1.72582 0.993417 -0.0262399 -0.00908271 0.111139
1403715565.070675133 0.690724 0.271979 1.78578 0.98685 -0.0306656 -0.0159261 0.157901
1403715565.180662282 0.697728 0.340033 1.85798 0.977489 -0.0222102 -0.0155376 0.209237
1403715565.290610681 0.700366 0.4106 1.91868 0.965634 -0.0128983 -0.0162309 0.259079
1403715565.410686554 0.694637 0.486891 1.96538 0.951495 -0.00246475 -0.0273585 0.306435
1403715565.510724523 0.685354 0.547693 1.991 0.938001 0.00444574 -0.038638 0.344443
1403715565.620764782 0.668756 0.608249 2.01273 0.919426 0.0153432 -0.0435785 0.390539
1403715565.730680862 0.645088 0.659346 2.03904 0.896264 0.027772 -0.0430242 0.440555
1403715565.840623198 0.612303 0.704075 2.07383 0.868485 0.0191738 -0.0362531 0.494016
1403715565.980593807 0.562379 0.745672 2.12125 0.822006 0.0131864 -0.0333461 0.568349
1403715566.080746359 0.523774 0.764232 2.15299 0.78336 0.0189009 -0.0302277 0.620546
1403715566.200653197 0.472763 0.777773 2.18982 0.736208 0.0199135 -0.0285488 0.675859
1403715566.290758352 0.433833 0.780882 2.21655 0.699232 0.0235062 -0.0260549 0.714034
1403715566.430599159 0.370309 0.772974 2.25364 0.639704 0.01955 -0.0276939 0.767873
1403715566.540647106 0.322078 0.756561 2.26812 0.592696 0.0214235 -0.0292272 0.804611
1403715566.640611988 0.277725 0.733963 2.26772 0.54913 0.0245532 -0.035378 0.834627
1403715566.740596067 0.235235 0.703137 2.25915 0.504564 0.0266421 -0.0357779 0.862221
1403715566.840573788 0.193327 0.66374 2.24977 0.455333 0.0255768 -0.0363259 0.889212
1403715566.950710176 0.152812 0.609936 2.24078 0.395786 0.0316651 -0.0316589 0.91725
1403715567.090594924 0.105991 0.529128 2.23099 0.309705 0.0302414 -0.0238347 0.950053
1403715567.190582537 0.0774842 0.464538 2.22512 0.241077 0.0276378 -0.0154568 0.969989
1403715567.310745309 0.0504071 0.38343 2.21573 0.156462 0.0200948 -0.00602666 0.987461
1403715567.420637647 0.0312527 0.306623 2.20457 0.0740305 0.0113553 -0.000176832 0.997191
1403715567.520648375 0.0140416 0.232841 2.18622 0.00184882 0.000223411 -0.00791328 0.999967
1403715567.630772055 -0.00310488 0.151114 2.14944 -0.0756748 -0.00219923 -0.0115818 0.997063
1403715567.740651467 -0.0169284 0.0683772 2.10094 -0.147747 0.00351837 -0.0103908 0.988964
1403715567.840697543 -0.0285344 -0.00988089 2.05693 -0.214088 0.0116181 -0.0136474 0.97665
1403715567.960665110 -0.0390271 -0.10493 2.00524 -0.289003 0.0167443 -0.0149697 0.957065
1403715568.070652303 -0.0411846 -0.194195 1.96076 -0.354487 0.0257879 -0.0203715 0.934483
1403715568.180644381 -0.0370139 -0.281532 1.91893 -0.414814 0.0366191 -0.0160013 0.909028
1403715568.290677320 -0.0243807 -0.36712 1.87963 -0.47212 0.0378315 -0.00745267 0.880691
1403715568.380662399 -0.00630077 -0.435395 1.84928 0.517583 -0.0407911 0.00469361 -0.854648
1403715568.500726859 0.0274055 -0.521162 1.81273 0.573084 -0.0400955 0.00179435 -0.818513
1403715568.590806795 0.0592287 -0.58035 1.79009 0.61478 -0.040374 -0.00075254 -0.787664
1403715568.710714730 0.110829 -0.651514 1.76754 0.666143 -0.0413604 0.00293814 -0.74467
1403715568.820697730 0.165573 -0.708729 1.75294 0.709384 -0.0378997 0.00122275 -0.703801
1403715568.840648027 0.176191 -0.718695 1.7504 0.717955 -0.037677 0.000895892 -0.695069
1403715569.110660323 0.34055 -0.827985 1.72287 0.801463 -0.0275952 0.0151158 -0.597217
1403715569.220748235 0.414151 -0.863754 1.71068 0.828547 -0.0156359 0.0089432 -0.559629
1403715569.330573677 0.490807 -0.893312 1.69872 0.84898 -0.0179951 -0.00189288 -0.528116
1403715569.430688637 0.562229 -0.914316 1.68878 0.865942 -0.0269351 -0.0145242 -0.499207
1403715569.530645500 0.631833 -0.929416 1.68139 0.878316 -0.0313721 -0.0204674 -0.47661
1403715569.630713896 0.701394 -0.934968 1.67676 0.892244 -0.0448486 -0.0186885 -0.448933
1403715569.740635302 0.775372 -0.932128 1.67169 0.907374 -0.0451242 -0.0145814 -0.417641
1403715569.850973149 0.846699 -0.918817 1.67023 0.924457 -0.0326412 -0.0127167 -0.379674
1403715569.940663384 0.90271 -0.900298 1.66877 0.938569 -0.033561 -0.016838 -0.343042
1403715570.070637282 0.979323 -0.862566 1.66651 0.955067 -0.0294031 -0.0248132 -0.293883
1403715570.180765071 1.03883 -0.820201 1.66378 0.968515 -0.029914 -0.0287311 -0.245475
1403715570.280840357 1.08809 -0.772832 1.66065 0.978815 -0.0355401 -0.0294033 -0.199482
1403715570.380827682 1.1289 -0.72144 1.65482 0.987377 -0.0279345 -0.0371847 -0.151407
1403715570.490657235 1.16545 -0.656737 1.64751 0.994265 -0.0215134 -0.043041 -0.0955039
1403715570.610709517 1.19396 -0.575346 1.63807 0.99779 -0.0324839 -0.0489046 -0.0311318
1403715570.714016745 1.20876 -0.504099 1.62871 0.998632 -0.0252626 -0.0406216 0.0211015
1403715570.820695321 1.2145 -0.421074 1.61536 0.995464 -0.0247436 -0.0360115 0.084515
1403715570.880654841 1.21337 -0.375391 1.60889 0.992587 -0.0162891 -0.0305803 0.116489
1403715571.030660270 1.19976 -0.253898 1.58963 0.981239 -0.0134027 -0.019702 0.191317
1403715571.150767538 1.17873 -0.155508 1.5732 0.972166 -0.0081422 -0.0168895 0.233543
1403715571.240647566 1.15829 -0.0839196 1.56028 0.967337 0.00574102 -0.0256485 0.252128
1403715571.360887023 1.1206 0.0111262 1.54565 0.962412 0.000663012 -0.0439751 0.26801
1403715571.460744015 1.08421 0.0853701 1.53602 0.961312 0.00605106 -0.0412991 0.272281
1403715571.560921669 1.04194 0.156852 1.52948 0.960924 0.00569129 -0.0246336 0.275656
1403715571.670750601 0.995304 0.228426 1.51443 0.960513 0.0230091 0.00758511 0.277179
1403715571.780716185 0.956207 0.290501 1.48402 0.958754 0.0613138 0.0561791 0.271801
1403715571.900830248 0.928388 0.350334 1.44144 0.954527 0.0776315 0.0985393 0.270447
1403715572.020763201 0.933223 0.396337 1.39975 0.950814 0.0794372 0.136514 0.26647
1403715572.120779220 0.965671 0.428108 1.37073 0.950603 0.0548703 0.148273 0.267129
1403715572.230763233 1.03084 0.461452 1.34282 0.953211 0.00870098 0.130353 0.272618
1403715572.330760355 1.1079 0.494337 1.31682 0.952499 -0.0304042 0.0780124 0.292806
1403715572.430797647 1.19611 0.533361 1.28895 0.947216 -0.0543265 0.0227928 0.315138
1403715572.560886412 1.31505 0.594409 1.25213 0.935411 -0.0529991 -0.0185527 0.349074
1403715572.670797119 1.40858 0.657916 1.22329 0.922714 -0.0501299 -0.032485 0.380829
1403715572.780666267 1.48918 0.729642 1.19742 0.908221 -0.0474084 -0.0326379 0.414513
1403715572.880842435 1.55155 0.800253 1.18495 0.894309 -0.0373061 -0.0247006 0.445207
1403715572.980723429 1.60149 0.874605 1.18374 0.879499 -0.0260264 -0.0226819 0.474648
1403715573.090800396 1.64465 0.959121 1.19721 0.861062 -0.0186041 -0.0229764 0.50764
1403715573.190745681 1.67731 1.03559 1.22094 0.842807 -0.00979722 -0.0184864 0.537809
1403715573.330702024 1.71357 1.14068 1.25812 0.815604 -0.00164074 -0.00987395 0.578524
1403715573.430743376 1.73765 1.21305 1.28272 0.794097 0.00424505 -0.000383203 0.607776
1403715573.530724154 1.76243 1.28237 1.30489 0.772562 0.0155554 0.0147459 0.634577
1403715573.630831812 1.78708 1.35244 1.32763 0.75015 0.0130611 0.0205338 0.660819
1403715573.740719965 1.8159 1.4291 1.35123 0.725854 0.0035433 0.0215875 0.687501
1403715573.840822459 1.84311 1.50144 1.37248 0.701225 -0.0155682 0.0227006 0.712408
1403715573.960735357 1.87493 1.59328 1.398 0.668046 -0.0308609 0.0271694 0.742983
1403715574.080800681 1.90334 1.69392 1.42355 0.628614 -0.0411674 0.032734 0.775937
1403715574.180764753 1.92353 1.7851 1.44655 0.593187 -0.0437085 0.0316825 0.803252
1403715574.290705739 1.94131 1.89185 1.46943 0.552429 -0.0344974 0.0203751 0.832596
1403715574.390720144 1.94988 1.99068 1.48931 0.518712 -0.0308858 -0.0109653 0.854321
1403715574.510797932 1.95041 2.11131 1.50917 0.487539 -0.0350807 -0.036178 0.871646
1403715574.590692694 1.94374 2.19 1.52008 0.471155 -0.0392139 -0.0404105 0.880251
1403715574.920778453 1.84015 2.47379 1.56072 0.429977 -0.0333097 -0.0221513 0.901953
1403715575.030781909 1.78366 2.55614 1.57638 0.425003 -0.0137983 -0.00825881 0.905049
1403715575.130809739 1.72431 2.62564 1.59255 0.424358 -0.00228365 -0.0134702 0.905391
1403715575.240752125 1.6578 2.69503 1.61076 0.424411 0.022879 -0.0242154 0.904857
1403715575.340741504 1.59489 2.74841 1.62874 0.432642 0.0322419 -0.0371422 0.900223
1403715575.440754900 1.52959 2.79608 1.64673 0.439295 0.0173637 -0.029932 0.897676
1403715575.560773133 1.44974 2.83737 1.67047 0.448256 0.00369116 -0.0368624 0.893137
1403715575.670810234 1.37081 2.85967 1.69422 0.454579 -0.000650428 -0.0649772 0.888333
1403715575.780838875 1.28428 2.86864 1.7199 0.45951 -0.0098552 -0.0840053 0.884136
1403715575.890847095 1.18995 2.86322 1.74423 0.464567 -0.0106316 -0.078627 0.881976
1403715576.000863495 1.08771 2.84436 1.76759 0.467802 -0.00524645 -0.0543363 0.882146
1403715576.150848962 0.934285 2.79656 1.79537 0.470413 0.000270886 -0.0355848 0.881729
1403715576.380771355 0.690944 2.69342 1.83337 0.468669 0.0177808 -0.0255228 0.882826
1403715576.480917518 0.588067 2.63557 1.85221 0.467595 0.0368568 -0.0335973 0.882535
1403715576.580984615 0.488165 2.56907 1.8728 0.46517 0.0472325 -0.0484129 0.882633
1403715576.690762224 0.383527 2.48274 1.89684 0.47114 0.0541704 -0.057112 0.878539
1403715576.810883368 0.277067 2.37258 1.92589 0.481263 0.0459455 -0.0506224 0.873906
1403715576.911069090 0.190916 2.26929 1.95216 0.492623 0.0261469 -0.042369 0.868817
1403715577.020756289 0.100806 2.14449 1.9801 0.503469 0.014915 -0.0293241 0.863387
1403715577.130871579 0.0153483 2.01332 2.00631 0.515839 0.0186515 -0.00743343 0.85645
1403715577.240696804 -0.0669512 1.87882 2.02387 0.528085 0.0235657 0.00910608 0.848815
1403715577.350823024 -0.147874 1.74186 2.01582 0.537929 0.0204901 0.00365988 0.842733
1403715577.440709870 -0.209745 1.62977 1.99194 0.544219 0.0182193 -0.00020341 0.838745
1403715577.541017787 -0.275486 1.50593 1.9627 0.546138 0.0167712 -0.00333587 0.837521
1403715577.660918100 -0.348954 1.35667 1.93789 0.54858 0.0133756 -0.00620475 0.835968
1403715577.770817782 -0.408844 1.2203 1.93212 0.551078 0.0175235 0.00247887 0.834266
1403715577.870852328 -0.457763 1.09671 1.92988 0.554832 0.0212893 0.00878088 0.831643
1403715577.970791269 -0.500975 0.975306 1.91507 0.562572 0.0262092 0.023271 0.826005
1403715578.070825871 -0.53574 0.857691 1.88576 0.576677 0.030413 0.0424714 0.815301
1403715578.180799370 -0.562696 0.737169 1.83945 0.596653 0.0319921 0.0809529 0.797764
1403715578.300955335 -0.576781 0.613227 1.78212 0.626993 0.0266636 0.0885773 0.773513
1403715578.421225784 -0.571867 0.503906 1.72627 0.659898 0.0238896 0.078318 0.74688
1403715578.520910559 -0.556522 0.424857 1.68012 0.686331 0.00710744 0.0682528 0.724045
1403715578.630937267 -0.531101 0.355405 1.62933 0.709293 -0.0353416 0.0649186 0.701028
1403715578.740778361 -0.498556 0.306387 1.57748 0.724358 -0.0722925 0.0790091 0.681055
1403715578.880784899 -0.454074 0.276932 1.51414 0.736578 -0.0902753 0.0873001 0.664591
1403715578.990939408 -0.424046 0.2834 1.46888 0.741363 -0.0920288 0.0617345 0.661891
1403715579.090911182 -0.404891 0.311469 1.4345 0.744705 -0.0918058 0.0248956 0.66058
1403715579.200877896 -0.399799 0.362044 1.41101 0.742598 -0.0951963 -0.0277323 0.662357
1403715579.320990031 -0.417845 0.434366 1.40024 0.741533 -0.093251 -0.0673916 0.660978
1403715579.430858053 -0.456551 0.509735 1.39325 0.744518 -0.0818265 -0.0644909 0.659423
1403715579.540902495 -0.518774 0.591139 1.38726 0.746827 -0.0730729 -0.0450666 0.659454
1403715579.650779320 -0.604083 0.675466 1.38205 0.74611 -0.0683133 -0.0353035 0.661368
1403715579.770859457 -0.716811 0.770235 1.37954 0.74341 -0.0505331 -0.0314845 0.66618
1403715579.870868417 -0.824936 0.850836 1.3863 0.743773 -0.0461203 -0.0368596 0.66582
1403715579.990895686 -0.96998 0.949079 1.40825 0.746165 -0.038935 -0.0370101 0.66359
1403715580.080924732 -1.08587 1.02149 1.42211 0.756719 -0.0288388 -0.0317757 0.65233
1403715580.260930040 -1.33026 1.16212 1.41842 0.784606 -0.00966251 -0.0202954 0.619587
1403715580.370807168 -1.48469 1.24355 1.40623 0.805849 0.000925818 -0.0148362 0.591935
1403715580.470917881 -1.62403 1.31292 1.39664 0.824332 0.0170461 -0.0036775 0.565838
1403715580.570859587 -1.76164 1.37918 1.39025 0.840806 0.0246221 0.00776604 0.540721
1403715580.670992547 -1.88967 1.43796 1.38258 0.849871 0.0422711 0.0264653 0.524625
1403715580.780876546 -2.01883 1.4979 1.37504 0.85666 0.0557613 0.0483633 0.510574
1403715580.880854666 -2.12036 1.54605 1.37126 0.860258 0.0683192 0.0646578 0.501107
1403715580.980900667 -2.19869 1.5869 1.36864 0.861042 0.0871129 0.0899772 0.492872
1403715581.090827537 -2.25973 1.62897 1.37258 0.862019 0.0769066 0.103177 0.490268
1403715581.190869350 -2.29023 1.66336 1.37928 0.865045 0.054929 0.101067 0.488329
1403715581.280816185 -2.29842 1.69119 1.38626 0.867552 0.0431773 0.0871175 0.48775
1403715581.430896425 -2.2746 1.7356 1.39672 0.862295 0.0407583 0.0688328 0.500049
1403715581.540922577 -2.23784 1.76902 1.4016 0.851175 0.0236583 0.0454276 0.522376
1403715581.650936937 -2.19253 1.80348 1.39525 0.835904 0.000304451 0.0178196 0.548586
1403715581.780789097 -2.13461 1.84763 1.3716 0.810255 -0.0300479 -0.00628495 0.585272
1403715581.880809892 -2.09365 1.88358 1.35659 0.787333 -0.0432376 -0.0195942 0.614698
1403715581.980879659 -2.05956 1.92339 1.35557 0.762947 -0.0450836 -0.0229131 0.64448
1403715582.090973880 -2.02898 1.96445 1.36583 0.738825 -0.0180435 -0.0264685 0.673136
1403715582.210889191 -2.00705 2.00789 1.37963 0.716142 0.00423444 -0.0400481 0.696792
1403715582.320946794 -1.99369 2.0451 1.38138 0.704865 0.00393638 -0.0369414 0.708368
1403715582.410891362 -1.98795 2.07317 1.37567 0.698614 -0.010784 -0.0317193 0.714714
1403715582.530987559 -1.98495 2.1073 1.36663 0.695689 -0.0254295 -0.0142929 0.717751
1403715582.630937676 -1.98894 2.13439 1.36884 0.695996 -0.037139 -0.00864216 0.717032
1403715582.750956912 -1.99975 2.17179 1.38447 0.699868 -0.0423017 0.00306354 0.713012
1403715582.840914280 -2.01254 2.20521 1.39169 0.704545 -0.0485901 0.0110239 0.707908
1403715582.930889807 -2.02896 2.24488 1.39014 0.708407 -0.0593492 0.0197063 0.703028
1403715583.081065898 -2.06232 2.326 1.36345 0.71453 -0.0698144 0.0317904 0.695386
1403715583.210904359 -2.09675 2.41033 1.32799 0.721536 -0.0495231 0.0211384 0.69028
1403715583.311112296 -2.12678 2.48087 1.30082 0.723401 -0.0171975 -0.00179833 0.690212
1403715583.411029863 -2.15537 2.55239 1.27115 0.72573 0.0174464 -0.0160324 0.687571
1403715583.520938250 -2.18739 2.62512 1.2368 0.724617 0.0453541 -0.03318 0.686856
1403715583.630897408 -2.21733 2.68079 1.2008 0.71968 0.0756094 -0.0609841 0.687477
1403715583.741032411 -2.24452 2.70892 1.16455 0.713861 0.110326 -0.0959019 0.68486
1403715583.870943751 -2.27388 2.69475 1.1303 0.705679 0.13645 -0.127417 0.683493
1403715583.981008002 -2.29245 2.6288 1.12554 0.704139 0.144564 -0.122439 0.684323
1403715584.101137051 -2.30464 2.4988 1.15366 0.705527 0.141159 -0.0892548 0.688723
1403715584.200958146 -2.30586 2.35249 1.20011 0.709294 0.11666 -0.0498076 0.693406
1403715584.330916346 -2.29144 2.13203 1.27553 0.711091 0.0715889 0.0096997 0.699378
1403715584.430994332 -2.27045 1.95251 1.31604 0.711856 0.0376951 0.0403851 0.700149
1403715584.650984478 -2.19466 1.55989 1.34702 0.709344 -0.000533224 0.0541112 0.702782
1403715584.770958521 -2.14072 1.36535 1.36355 0.709319 -0.0273785 0.0460299 0.70285
1403715584.880851637 -2.08845 1.20196 1.38137 0.712174 -0.0489158 0.0364741 0.699346
1403715585.010908008 -2.02889 1.03434 1.40427 0.711135 -0.0713748 0.0349369 0.69855
1403715585.090967528 -1.99502 0.946382 1.4175 0.712244 -0.087251 0.0450273 0.695031
1403715585.220895992 -1.94907 0.831182 1.44087 0.712677 -0.103203 0.0567268 0.691537
1403715585.320989929 -1.91901 0.764155 1.45967 0.714688 -0.0897673 0.0584507 0.691192
1403715585.430875208 -1.89618 0.713926 1.4811 0.712813 -0.0811832 0.0367187 0.695671
1403715585.531055670 -1.88105 0.685802 1.49939 0.712439 -0.0698593 0.0226333 0.697881
1403715585.631011326 -1.87298 0.670644 1.5156 0.71017 -0.0609805 0.00676525 0.701352
1403715585.740892649 -1.87143 0.667126 1.52852 0.708542 -0.0556005 0.00273614 0.70347
1403715585.840834796 -1.87601 0.671174 1.52518 0.707926 -0.0522294 0.00519197 0.704334
1403715585.951060699 -1.88212 0.683961 1.49631 0.70851 -0.0376979 0.0242375 0.704276
1403715586.050916583 -1.88591 0.703279 1.46579 0.709209 -0.00763858 0.0527635 0.70298
1403715586.151069908 -1.88909 0.725233 1.44452 0.711488 0.0191774 0.0458768 0.700937
1403715586.291043706 -1.88794 0.761302 1.43641 0.712663 0.0247742 0.00865998 0.701015
1403715586.411054007 -1.88177 0.787962 1.43403 0.71222 0.0125581 -0.0319849 0.701115
1403715586.521045842 -1.875 0.804998 1.43323 0.712424 0.0145867 -0.0481096 0.699947
1403715586.590837271 -1.87292 0.810155 1.43204 0.710634 0.014468 -0.0567455 0.701121
1403715586.740898798 -1.87691 0.807677 1.4345 0.71216 0.0127635 -0.0484066 0.70023
1403715586.861019169 -1.88553 0.794527 1.43916 0.713579 0.00505884 -0.0180724 0.700323
1403715586.970998774 -1.8971 0.777255 1.44477 0.715517 -0.00431311 0.00423754 0.698569
1403715587.081035001 -1.90956 0.757521 1.45015 0.7165 -0.00856721 0.00999224 0.697463
1403715587.181216476 -1.92045 0.739008 1.45678 0.71792 -0.00514644 0.00256823 0.696102
1403715587.290941218 -1.93416 0.718457 1.46966 0.716798 -0.00240922 -0.014718 0.697121
1403715587.400972714 -1.94664 0.696455 1.48473 0.714221 0.0125463 -0.0133068 0.699681
1403715587.511155400 -1.95708 0.67155 1.50106 0.712101 0.0255421 -0.00067381 0.701612
1403715587.580996715 -1.96177 0.654088 1.51202 0.714747 0.0311069 0.00929281 0.698629
1403715587.731081116 -1.96242 0.61243 1.53808 0.728734 0.0380558 0.0316857 0.683004
1403715587.830849106 -1.95161 0.580842 1.55482 0.74716 0.0391272 0.0376216 0.662424
1403715587.931052963 -1.93221 0.5481 1.5703 0.770485 0.0410109 0.0347969 0.635185
1403715588.030952344 -1.90477 0.512665 1.58495 0.795577 0.0403466 0.0197377 0.604185
1403715588.171051313 -1.85905 0.455642 1.59551 0.830882 0.0349699 -0.0103549 0.555252
1403715588.240985927 -1.83415 0.42442 1.58644 0.845868 0.0322717 -0.023487 0.531897
1403715588.390942223 -1.77799 0.346868 1.53661 0.876978 0.0408491 -0.0268328 0.478038
1403715588.511043982 -1.73647 0.271642 1.4895 0.897581 0.0375737 -0.0305763 0.43818
1403715588.621036171 -1.70107 0.191724 1.44978 0.914256 0.0365148 -0.0271369 0.402575
1403715588.691116921 -1.67884 0.135516 1.42589 0.924526 0.0355508 -0.0173017 0.379063
1403715588.830998857 -1.63699 0.0195308 1.38101 0.941652 0.0164185 0.00746458 0.336104
1403715588.930956674 -1.6044 -0.0641414 1.34543 0.952116 -0.00185333 0.0297381 0.304281
1403715589.051049793 -1.55898 -0.159144 1.30397 0.961792 -0.0262091 0.0597559 0.26589
1403715589.151159055 -1.5113 -0.233289 1.27672 0.968425 -0.0247177 0.073025 0.237086
1403715589.271115506 -1.4394 -0.306362 1.26336 0.974436 -0.0284255 0.0795604 0.208175
1403715589.370999411 -1.36353 -0.354111 1.26734 0.978283 -0.0312464 0.0897917 0.184183
1403715589.481008250 -1.25971 -0.394426 1.28143 0.981883 -0.0317082 0.10072 0.157343
1403715589.581127455 -1.15067 -0.419006 1.29676 0.984145 -0.0314459 0.109914 0.135603
1403715589.680987727 -1.02075 -0.433329 1.32115 0.98587 -0.0328786 0.11057 0.121466
1403715589.801048669 -0.842557 -0.434866 1.37185 0.988843 -0.0393862 0.0836451 0.116797
1403715589.890980977 -0.698789 -0.4288 1.42209 0.991961 -0.0288796 0.0411045 0.116143
1403715590.091007135 -0.361062 -0.39669 1.53013 0.992534 -0.0126423 -0.0045933 0.121227
1403715590.191044013 -0.193357 -0.372623 1.57907 0.991944 -0.0179978 -0.00787838 0.125144
1403715590.311133009 0.00335222 -0.337557 1.63495 0.990488 -0.0266136 -0.000873424 0.134997
1403715590.421051440 0.176377 -0.296494 1.68306 0.987115 -0.0417403 -8.8446e-05 0.154475
1403715590.531056641 0.341621 -0.243743 1.73023 0.980536 -0.0666668 -0.00328527 0.184648
1403715590.701117250 0.585868 -0.137904 1.79824 0.967532 -0.069198 0.00503175 0.243039
1403715590.881073885 0.830416 0.00516237 1.86868 0.949052 -0.0402857 0.0112459 0.31233
1403715591.001228253 0.984162 0.115121 1.91226 0.93212 -0.0299454 0.00459828 0.360881
1403715591.091102140 1.09635 0.203637 1.94342 0.91635 -0.0307338 0.00512524 0.399164
1403715591.211087152 1.23928 0.329052 1.98282 0.891311 -0.0394934 0.00335295 0.451656
1403715591.321116709 1.36126 0.449884 2.01438 0.865237 -0.0501331 0.000661525 0.498851
1403715591.391015370 1.43344 0.531325 2.03524 0.845841 -0.0582209 -0.00352855 0.530237
1403715591.531141719 1.56449 0.70522 2.07224 0.807952 -0.0636245 -0.00718999 0.585759
1403715591.631132972 1.64694 0.836152 2.08925 0.781578 -0.0574756 -0.00284679 0.621148
1403715591.821023338 1.77388 1.10026 2.08445 0.728925 -0.0576461 -0.0107848 0.682076
1403715591.921026099 1.82499 1.24479 2.06264 0.702018 -0.0594473 -0.0178183 0.70945
1403715592.021221282 1.8647 1.39143 2.02765 0.675512 -0.061233 -0.0270871 0.734303
1403715592.131246350 1.89143 1.55434 1.97853 0.641917 -0.0689798 -0.0408851 0.762569
1403715592.231101311 1.8983 1.69927 1.93724 0.60932 -0.0611364 -0.0553274 0.788626
1403715592.351129356 1.87965 1.86735 1.90624 0.565822 -0.0525236 -0.0659676 0.820205
1403715592.451252854 1.83963 1.99849 1.89583 0.530334 -0.0535958 -0.0753937 0.842727
1403715592.541050176 1.78563 2.1067 1.89177 0.49506 -0.0534862 -0.0816757 0.863356
1403715592.661157437 1.69016 2.23239 1.88828 0.449067 -0.055189 -0.104292 0.885673
1403715592.751090383 1.60179 2.31397 1.88562 0.41346 -0.0536905 -0.107197 0.902595
1403715592.871185817 1.4658 2.40487 1.88522 0.367693 -0.0441908 -0.0866741 0.924844
1403715592.981176124 1.32559 2.47337 1.88611 0.325394 -0.0316286 -0.0450025 0.943977
1403715593.071170099 1.20353 2.52118 1.88569 0.287002 -0.0198643 -0.0188068 0.957539
1403715593.201211389 1.02099 2.57941 1.88214 0.229488 -0.00940519 -0.00438617 0.973256
1403715593.311321646 0.864899 2.6243 1.87756 0.181802 -0.00324891 -0.00501248 0.983317
1403715593.421181735 0.707853 2.66197 1.87273 0.136853 -0.00711822 -0.0266941 0.990206
1403715593.521167845 0.56599 2.68969 1.86869 0.0957425 -0.0090414 -0.044852 0.994354
1403715593.621112516 0.425596 2.70919 1.86517 0.0559449 -0.00280946 -0.0523261 0.997058
1403715593.731126560 0.277323 2.71941 1.86243 0.0101215 0.0158253 -0.0527597 0.998431
1403715593.831091513 0.145735 2.71657 1.85983 -0.0297464 0.02763 -0.049434 0.997952
1403715593.941171163 0.00954863 2.69694 1.85708 -0.0774274 0.0301116 -0.0578808 0.994861
1403715594.061118159 -0.129436 2.66184 1.85497 -0.131361 0.0222526 -0.0567266 0.98946
1403715594.161062384 -0.236515 2.62078 1.85364 -0.175315 0.011901 -0.0523547 0.983047
1403715594.261302433 -0.335883 2.56878 1.8533 -0.214764 0.00678766 -0.0518067 0.975267
1403715594.371258450 -0.438107 2.50258 1.85297 -0.256196 0.00652124 -0.0486093 0.96538
1403715594.481169053 -0.531734 2.42464 1.85324 -0.300084 0.00987735 -0.0514974 0.95247
1403715594.591077337 -0.614447 2.33332 1.85332 -0.346563 0.0140551 -0.0665657 0.935556
1403715594.691123880 -0.682392 2.2414 1.85396 -0.385836 0.0119968 -0.0733875 0.919565
1403715594.786285408 -0.738995 2.14798 1.8542 -0.423483 -0.00807389 -0.0696505 0.903186
1403715594.911165917 -0.812395 1.99798 1.85355 -0.475054 -0.0303897 -0.0605264 0.877346
1403715595.021156137 -0.870256 1.858 1.85144 0.517122 0.0417801 0.0518099 -0.85332
1403715595.121258470 -0.922063 1.71755 1.8477 0.554298 0.0444685 0.0517548 -0.829516
1403715595.141100515 -0.932469 1.68877 1.84696 0.56228 0.0443399 0.0494079 -0.824278
1403715595.331252409 -1.03421 1.39712 1.83556 0.628248 0.0389731 0.0260352 -0.7766
1403715595.431170928 -1.08967 1.23435 1.82726 0.662993 0.0306022 0.015616 -0.747837
1403715595.541166229 -1.15032 1.05257 1.81774 0.701561 0.0161066 0.00849504 -0.712376
1403715595.661186868 -1.21129 0.856737 1.80632 0.7392 -0.0228321 0.00911978 -0.673037
1403715595.741107428 -1.24703 0.731181 1.79742 0.763523 -0.0556843 0.0110314 -0.64328
1403715595.871136612 -1.29157 0.545011 1.78575 0.793726 -0.108703 0.00554623 -0.598458
1403715595.971207311 -1.31223 0.426365 1.7818 0.812193 -0.141127 -0.0143872 -0.565879
1403715596.081157709 -1.32175 0.329534 1.78544 0.82768 -0.158608 -0.0581342 -0.535173
1403715596.181153117 -1.31857 0.279471 1.80199 0.837009 -0.156672 -0.0839303 -0.517518
1403715596.281194987 -1.30576 0.266051 1.83706 0.846953 -0.138854 -0.0622699 -0.509424
1403715596.391154289 -1.28225 0.281662 1.88293 0.859745 -0.0919668 -0.00866875 -0.502301
1403715596.501236314 -1.25061 0.318905 1.92901 0.869991 -0.044971 0.0396517 -0.489409
1403715596.641091396 -1.1939 0.377025 1.98424 0.879861 0.000150761 0.0821135 -0.468083
1403715596.771214472 -1.11867 0.421268 2.02775 0.890241 0.0302003 0.107844 -0.441506
1403715596.881245664 -1.03522 0.442563 2.06404 0.898457 0.0435752 0.121424 -0.419682
1403715596.991375143 -0.93178 0.441663 2.09543 0.902861 0.0516389 0.13806 -0.403874
1403715597.091119779 -0.818335 0.421339 2.12038 0.907011 0.0553733 0.141919 -0.392585
1403715597.221176857 -0.650039 0.368626 2.15156 0.915196 0.0492141 0.11324 -0.38363
1403715597.331120860 -0.493175 0.301696 2.17477 0.923824 0.0489169 0.0665544 -0.373802
1403715597.441282696 -0.32747 0.220439 2.19605 0.932404 0.044227 0.0253448 -0.357806
1403715597.541158963 -0.175496 0.138764 2.21375 0.940668 0.0284243 -0.00311844 -0.338121
1403715597.691154315 0.045843 0.00960662 2.23694 0.953811 0.00834704 -0.0138176 -0.299972
1403715597.811237238 0.21322 -0.0981065 2.25103 0.962252 0.0118708 -0.0135131 -0.271566
1403715597.921104842 0.358866 -0.194486 2.26216 0.966561 0.0114062 -0.0146144 -0.255768
1403715598.021190967 0.487662 -0.276524 2.27376 0.971264 -0.00371708 -0.0263129 -0.236517
1403715598.121245941 0.607248 -0.357216 2.28341 0.971755 -0.0108234 -0.0287705 -0.233983
1403715598.221360741 0.717052 -0.43354 2.28226 0.971871 -0.0152072 -0.0409915 -0.231419
1403715598.291209599 0.786426 -0.485429 2.27285 0.971464 -0.0139636 -0.0570096 -0.229812
1403715598.481200388 0.94326 -0.602893 2.22964 0.966749 -0.0171777 -0.109975 -0.230234
1403715598.591295113 1.00196 -0.654538 2.20793 0.963609 -0.0195097 -0.127065 -0.234374
1403715598.701281679 1.03394 -0.694849 2.1903 0.964036 -0.0172506 -0.116148 -0.238426
1403715598.821355766 1.04389 -0.726247 2.17122 0.967044 -0.0146796 -0.0749105 -0.242897
1403715598.911174576 1.0371 -0.743172 2.15254 0.968658 -0.0166584 -0.046878 -0.243365
1403715599.131242729 0.987569 -0.765393 2.08624 0.969513 -0.00889627 -0.025486 -0.243548
1403715599.251349087 0.952059 -0.768559 2.04196 0.969653 -0.00800456 -0.018181 -0.243677
1403715599.341210858 0.921891 -0.77108 2.00412 0.969745 0.00712444 -0.012467 -0.243696
1403715599.461189307 0.877228 -0.774499 1.94889 0.969217 0.0223425 -0.011571 -0.244919
1403715599.561208722 0.83426 -0.781871 1.90137 0.968487 0.0427176 -0.0205491 -0.244513
1403715599.661304546 0.786827 -0.793686 1.85643 0.968424 0.0475062 -0.0261372 -0.243339
1403715599.771156813 0.726299 -0.812352 1.80848 0.967833 0.0456807 -0.0395537 -0.244229
1403715599.871179753 0.664416 -0.833811 1.76711 0.968194 0.0265279 -0.0409597 -0.245396
1403715599.971232999 0.598351 -0.857945 1.72675 0.969017 0.0073719 -0.0250131 -0.245613
1403715600.081117508 0.520165 -0.885779 1.6819 0.969255 -0.00408442 -0.0107104 -0.245792
1403715600.191176971 0.442324 -0.905654 1.63677 0.971018 -0.0393229 0.00563456 -0.235682
1403715600.301306342 0.367803 -0.915949 1.59056 0.974826 -0.0661852 0.0139149 -0.212464
1403715600.421261623 0.292166 -0.913147 1.54107 0.98163 -0.0691126 0.0207006 -0.176629
1403715600.491080127 0.254992 -0.902868 1.51388 0.986317 -0.0672405 0.0269331 -0.148096
1403715600.631121600 0.189572 -0.871823 1.46244 0.993965 -0.0314357 0.0425383 -0.0961005
1403715600.731265461 0.154855 -0.838576 1.4323 0.997256 -0.0164638 0.0476647 -0.0542001
1403715600.841127342 0.127676 -0.794381 1.41442 0.998877 -0.0170859 0.0434756 -0.00788557
1403715600.941352689 0.112459 -0.749845 1.41166 0.998469 -0.0192358 0.0390063 0.0341848
1403715601.061203455 0.104465 -0.69345 1.42561 0.99694 -0.0172752 0.0302665 0.0699689
1403715601.161383006 0.105631 -0.639525 1.45019 0.995386 -0.0223826 0.0245652 0.0900147
1403715601.271201227 0.111087 -0.573809 1.49118 0.994073 -0.03645 0.0194564 0.100556
1403715601.371257216 0.119169 -0.509744 1.53436 0.993362 -0.0391528 0.0159707 0.106973
1403715601.441250777 0.124861 -0.460525 1.56448 0.992923 -0.0411097 0.0126506 0.110698
1403715601.581159488 0.140168 -0.355568 1.61685 0.992803 -0.032472 0.0118402 0.114659
1403715601.681327767 0.152542 -0.273149 1.65091 0.992824 -0.0292268 0.0122557 0.115313
1403715601.771248678 0.162489 -0.196343 1.6801 0.993291 -0.023417 0.00465798 0.113154
1403715601.891282619 0.17643 -0.0883387 1.71697 0.993469 -0.020409 -0.00342409 0.112209
1403715602.011188263 0.183842 0.022518 1.75105 0.994717 -0.01965 -0.0264489 0.0972247
1403715602.121271836 0.182471 0.125318 1.77814 0.995451 -0.0172106 -0.0537579 0.0767583
1403715602.221415051 0.17388 0.216587 1.79839 0.99675 -0.00507847 -0.0591981 0.0544023
1403715602.331277434 0.153609 0.318177 1.81963 0.998246 -0.00437856 -0.0531168 0.0257686
1403715602.431349235 0.127415 0.407927 1.83665 0.999509 -0.00541544 -0.0308569 -0.000562142
1403715602.541257142 0.0903441 0.502205 1.85272 0.999459 0.000984573 -0.00857488 -0.0317376
1403715602.641255894 0.0533182 0.589687 1.8648 0.998286 -0.00827212 -0.00106053 -0.0579221
1403715602.751420377 0.010838 0.684925 1.86403 0.995596 -0.0199124 0.00259976 -0.0915689
1403715602.901284119 -0.0422868 0.815414 1.8341 0.990721 -0.0191101 0.00854278 -0.134287
1403715603.011476069 -0.0778311 0.914062 1.7949 0.986218 -0.0213675 0.0137965 -0.163487
1403715603.121288726 -0.11169 1.01429 1.74523 0.98103 -0.0192849 0.0109241 -0.192583
1403715603.231259210 -0.140788 1.11577 1.69665 0.975062 -0.0160388 0.0128282 -0.22098
1403715603.331278301 -0.161864 1.20873 1.65361 0.969294 -0.0163173 0.0220162 -0.244371
1403715603.431334664 -0.178957 1.30206 1.61294 0.965034 -0.0102845 0.0263514 -0.260594
1403715603.531311373 -0.192675 1.39394 1.57675 0.961905 0.00127158 0.0222429 -0.272473
1403715603.641309677 -0.203212 1.49147 1.54099 0.959237 0.0142329 0.0183392 -0.281648
1403715603.771353413 -0.213844 1.59697 1.50301 0.956726 0.0370744 0.00737554 -0.288526
1403715603.881277821 -0.223043 1.67357 1.48402 0.955074 0.0526621 0.00441213 -0.291617
1403715604.001269087 -0.230286 1.73943 1.48198 0.954153 0.0648484 0.02602 -0.291048
1403715604.121288955 -0.235079 1.79112 1.48412 0.954844 0.0485246 0.0418838 -0.290112
1403715604.221304297 -0.235716 1.82392 1.48235 0.955515 0.0245852 0.0419931 -0.2909
1403715604.301454692 -0.233984 1.84397 1.47812 0.955979 0.0146574 0.0369064 -0.290737
1403715604.431298281 -0.223121 1.86764 1.4683 0.956009 0.0110446 0.0348867 -0.291046
1403715604.531359915 -0.209035 1.88153 1.45929 0.955984 0.00857741 0.0314908 -0.291599
1403715604.641313715 -0.190182 1.89549 1.44766 0.956353 0.00350333 0.0171131 -0.291691
1403715604.741283705 -0.169071 1.90609 1.43625 0.956357 -0.00057417 0.00993662 -0.292032
1403715604.861330520 -0.141516 1.91859 1.42491 0.956616 -0.00145741 0.00897316 -0.291209
1403715604.961484935 -0.115866 1.92995 1.41708 0.956323 -0.0048067 0.0107917 -0.292072
1403715605.071281713 -0.085051 1.94249 1.41164 0.956301 -0.004114 0.0167158 -0.291877
1403715605.171315286 -0.0563487 1.9536 1.40888 0.956936 -0.00526081 0.0132168 -0.289949
1403715605.281150306 -0.0232403 1.9658 1.40902 0.957743 -0.000999895 0.00784848 -0.287516
1403715605.371386388 0.004637 1.97541 1.41152 0.958419 0.00204495 0.00296087 -0.285342
1403715605.531433783 0.0542978 1.98984 1.40214 0.959285 0.0136785 0.00172911 -0.282103
1403715605.651414270 0.0906302 1.99544 1.37874 0.959903 0.0201741 0.00411988 -0.279574
1403715605.771518650 0.126469 1.99976 1.35262 0.960142 0.0101294 0.00404928 -0.279299
1403715605.871473479 0.1558 2.00079 1.33381 0.960375 0.00285235 0.00478729 -0.278656
1403715605.981415954 0.188565 2.00238 1.31643 0.960845 -0.00755802 0.00437638 -0.276949
1403715606.101312998 0.223445 2.00293 1.29111 0.961372 -0.00708886 0.00208699 -0.275154
1403715606.221371502 0.259253 2.00604 1.2583 0.961874 -0.00665752 0.0023801 -0.273401
1403715606.321365311 0.288355 2.00882 1.23234 0.962691 0.00125137 0.000254025 -0.270601
1403715606.401447242 0.312028 2.01172 1.21971 0.963198 0.00542986 3.72963e-05 -0.268738
1403715606.531303386 0.34887 2.01435 1.21211 0.963424 0.0114588 -0.00426492 -0.267702
1403715606.631389535 0.374812 2.01538 1.20857 0.964086 0.014276 -0.00701078 -0.265115
1403715606.741383130 0.399538 2.01289 1.20105 0.964898 0.0224295 -0.0111357 -0.261427
1403715606.851448163 0.419178 2.00873 1.18933 0.965201 0.0259977 -0.0190399 -0.259516
1403715606.951322888 0.433192 2.00476 1.17583 0.965833 0.0132494 -0.0235619 -0.257752
1403715607.061571199 0.444762 1.99897 1.15961 0.966197 -0.000867232 -0.0189671 -0.257106
1403715607.151339424 0.451056 1.99478 1.1463 0.966764 -0.00689591 -0.0141498 -0.255187
1403715607.251429235 0.454809 1.9929 1.13292 0.966647 -0.0108325 -0.00723158 -0.255781
1403715607.381407926 0.458019 1.99488 1.11889 0.967171 -0.0121625 -0.00541243 -0.253779
1403715607.491450622 0.457254 1.9996 1.10983 0.966835 -0.00961189 -0.00684525 -0.25513
1403715607.591365440 0.456566 2.00788 1.10467 0.966453 -0.00990917 -0.00503653 -0.256602
1403715607.691406193 0.45628 2.01917 1.1021 0.965808 -0.0154593 -0.00292549 -0.258781
1403715607.811343393 0.452732 2.03475 1.09472 0.965816 -0.00773996 -0.00515987 -0.259063
1403715607.891440598 0.450519 2.04701 1.08333 0.965499 -0.00550892 -0.0037789 -0.260322
1403715608.151434656 0.453653 2.0528 1.07791 0.966616 -0.0152738 0.00296234 -0.255758
1403715608.181388302 0.453277 2.0531 1.07784 0.966559 -0.012606 0.00166121 -0.25613
1403715608.591348197 0.452715 2.05335 1.07754 0.96654 -0.014969 0.00202111 -0.25607
1403715608.751435329 0.452201 2.05349 1.07769 0.966599 -0.0137011 0.000345258 -0.255928
1403715608.871437526 0.452996 2.05325 1.07734 0.966473 -0.0155891 0.00226533 -0.256286
1403715608.941545920 0.452716 2.05321 1.07736 0.966451 -0.0150402 0.00201022 -0.256402
1403715609.091341398 0.452432 2.05278 1.07675 0.966763 -0.0130769 0.000545361 -0.255339
1403715609.211547225 0.452482 2.05358 1.07726 0.966597 -0.0152592 0.00178526 -0.255842
1403715609.311465882 0.452955 2.05385 1.07723 0.966466 -0.0182213 0.00291424 -0.256133
1403715609.421427313 0.452816 2.05337 1.07742 0.966462 -0.0160919 0.00145687 -0.256301
1403715609.541417098 0.452809 2.05343 1.07718 0.966441 -0.0154783 0.00188781 -0.256416
1403715609.651428872 0.45279 2.05327 1.07718 0.9665 -0.0151627 0.00183874 -0.256211
1403715609.761407495 0.452755 2.05355 1.07723 0.966465 -0.0157039 0.00151556 -0.256313
1403715609.871545855 0.452619 2.0534 1.07735 0.966333 -0.0159787 0.0016419 -0.256794
1403715609.981326619 0.452081 2.05368 1.07741 0.967032 -0.0118841 -0.000383005 -0.254377
1403715610.081362131 0.452703 2.0533 1.07706 0.966461 -0.0150297 0.00180737 -0.256367
1403715610.181380843 0.453204 2.05383 1.07748 0.966691 -0.0166856 0.00244334 -0.255391
1403715610.291485802 0.452704 2.0528 1.07637 0.96659 -0.0127398 -0.000927838 -0.25601
1403715610.401519373 0.451947 2.05336 1.07658 0.966383 -0.0129275 -7.18283e-05 -0.256782
1403715610.511527974 0.452577 2.05386 1.07711 0.966292 -0.0162069 0.00254508 -0.256925
1403715610.621436189 0.452088 2.05375 1.07667 0.966364 -0.0146088 0.000864005 -0.256761
1403715610.731406423 0.451714 2.05404 1.07718 0.966282 -0.01531 0.00108874 -0.257029
1403715610.834546476 0.452977 2.05474 1.07743 0.966285 -0.018866 0.00373549 -0.256757
1403715610.941313079 0.452013 2.05418 1.07705 0.966332 -0.0157852 0.00124459 -0.256812
1403715611.041510061 0.452352 2.05417 1.07689 0.966213 -0.0162426 0.00246591 -0.257221
1403715611.151522924 0.452196 2.0537 1.07701 0.966271 -0.0150283 0.00154626 -0.257082
1403715611.261605807 0.452082 2.05412 1.07702 0.966627 -0.0161088 1.06833e-05 -0.25568
1403715611.371407248 0.452284 2.05362 1.07697 0.966301 -0.0159842 0.00123876 -0.256914
1403715611.481378877 0.451658 2.05441 1.07749 0.966322 -0.0174449 -0.000555165 -0.256745
1403715611.581465392 0.452455 2.05385 1.07689 0.966481 -0.0153165 0.00214686 -0.256271
1403715611.691418598 0.452857 2.05377 1.07669 0.966332 -0.017278 0.00219905 -0.256707
1403715611.801425369 0.451997 2.05355 1.07638 0.966523 -0.014116 -2.71858e-05 -0.256192
1403715611.911527044 0.452364 2.05365 1.0767 0.966421 -0.0150278 0.00184873 -0.256516
1403715612.021510126 0.452048 2.05373 1.07665 0.966492 -0.0143708 0.000984677 -0.256291
