1403715524.262143000 0.00413361 -0.000688743 0.000900553 1 -3.15312e-05 -0.000733028 0.00013818
1403715524.362143000 -0 0 -0 1 0 0 0
1403715524.612143000 -0.000172788 0.00843748 0.00780576 0.999999 0.000909979 -0.000382576 0.000511175
1403715524.762143000 -0 0 -0 1 0 0 0
1403715524.912143000 0.00579724 0.011731 0.011745 0.999997 0.00104071 -0.00149552 0.00143337
1403715525.012143000 3.72529e-09 -2.23517e-08 5.88538e-17 1 -1.326e-09 5.67782e-11 -9.16272e-08
1403715525.162143000 0.00123795 0.000101755 -0.00235497 1 -0.000112093 1.96454e-05 0.000172688
1403715525.312143000 -0.00252104 0.00846141 0.00332556 0.999999 0.00124155 0.000534432 0.000286198
1403715525.462143000 0.00760697 0.00423058 0.00297083 0.999999 0.000200366 -0.000906615 0.00092005
1403715525.562143000 0.0244945 0.000666674 0.00632962 0.999992 -0.000424825 -0.00352803 0.00167213
1403715525.662143000 0.00577111 0.00274068 -0.00343767 0.999999 0.00099843 9.36421e-05 0.000440716
1403715525.812143000 0.0112578 0.0061268 0.00727893 0.999999 0.000522265 -0.00138799 0.000831547
1403715525.962143000 0.0122777 0.000574882 0.00174591 0.999999 -0.000167115 -0.00146953 0.000479773
1403715526.112143000 -0.0133892 -0.00286978 -0.00692009 0.999995 6.26196e-05 0.00286669 -0.00136869
1403715526.212143000 -0.0327983 0.0124119 -0.00751173 0.999978 0.00243478 0.00584823 -0.00215259
1403715526.362143000 0.0023365 0.000502064 0.000402365 1 2.09841e-05 8.93493e-05 0.000143939
1403715526.512143000 0.00493012 -0.000488865 0.00354506 1 -5.54945e-05 -0.00055385 -0.000249338
1403715526.662143000 -0.0167953 -0.00204007 -0.00938401 0.999993 0.000277342 0.00347488 -0.00148575
1403715526.812143000 -0.0145272 -0.000580064 -0.00653687 0.999995 0.000262194 0.00296002 -0.000887678
1403715526.912143000 -0.000961487 -0.00192468 -0.00132235 1 -7.18743e-05 0.000496067 -0.000211641
1403715527.012143000 -0.00170421 0.00389283 0.000852176 1 0.00042627 0.000500861 0.000146876
1403715527.162143000 0.0016892 0.0020488 0.000796869 1 0.000384495 0.000131927 -0.000349988
1403715527.312143000 -0.00434291 -0.0067824 -0.00888391 0.586314 -0.0496194 0.808544 0.00549675
1403715527.462143000 -0.178952 0.639235 -0.109364 0.581467 0.0472373 0.809515 -0.0659554
1403715527.562143000 -0.178113 0.639701 -0.109193 0.581642 0.0472851 0.80938 -0.0660319
1403715527.712143000 -0.17657 0.640199 -0.109032 0.581293 0.0472724 0.809624 -0.0661268
1403715527.812143000 -0.178176 0.638504 -0.110781 0.581402 0.0473224 0.809564 -0.0658725
1403715527.912143000 -0.180365 0.640191 -0.110836 0.581185 0.0474979 0.809702 -0.0659553
1403715528.062143000 -0.179148 0.638951 -0.11164 0.581372 0.0472524 0.809564 -0.0661886
1403715528.162143000 -0.17801 0.639628 -0.112265 0.581187 0.04735 0.80969 -0.0661901
1403715528.312143000 -0.175181 0.640853 -0.11292 0.580089 0.0474484 0.81047 -0.0662058
1403715528.462143000 -0.172323 0.638987 -0.110964 0.573199 0.0492828 0.815348 -0.0649749
1403715528.612143000 -0.165345 0.643593 -0.0978036 0.570416 0.053861 0.817204 -0.062471
1403715528.762143000 -0.153037 0.651942 -0.0717182 0.575796 0.0578108 0.813196 -0.0618754
1403715528.912143000 -0.145482 0.659858 -0.038358 0.579789 0.0586111 0.810121 -0.0641403
1403715529.062143000 -0.135752 0.675643 -0.00165764 0.577403 0.0553033 0.812094 -0.0636499
1403715529.162143000 -0.126587 0.690576 0.0311264 0.577429 0.047903 0.813158 -0.0552658
1403715529.262143000 -0.118564 0.708053 0.0718225 0.573914 0.0350244 0.816922 -0.0451089
1403715529.412143000 -0.105755 0.734224 0.125518 0.568563 0.00858849 0.822051 -0.0299028
1403715529.562143000 -0.0866939 0.761289 0.161111 0.570167 -0.012418 0.821232 -0.0182629
1403715529.662143000 -0.0659744 0.780771 0.177993 0.572615 -0.0217741 0.819424 -0.0135021
1403715529.812143000 -0.0363405 0.812883 0.199085 0.575073 -0.033 0.817381 -0.00955385
1403715529.962143000 -0.00324906 0.84926 0.230724 0.57921 -0.0362307 0.814363 -0.00398847
1403715530.062143000 0.0208939 0.874474 0.257314 0.586662 -0.040351 0.808803 -0.00611873
1403715530.162143000 0.0487642 0.897645 0.289466 0.591553 -0.0455616 0.804885 -0.0122208
1403715530.312143000 0.0769375 0.948662 0.351685 0.584386 -0.0508008 0.809611 -0.0210601
1403715530.462143000 0.100959 1.01635 0.444585 0.580104 -0.0455427 0.813184 -0.0117186
1403715530.562143000 0.107837 1.06914 0.512956 0.579254 -0.0487014 0.813683 -0.00362116
1403715530.712143000 0.135507 1.15297 0.588026 0.579976 -0.0550784 0.812739 0.00704046
1403715530.862143000 0.149735 1.23544 0.650373 0.579034 -0.0699314 0.811974 0.0229443
1403715530.912143000 0.155698 1.26273 0.669395 0.578401 -0.0757929 0.81173 0.0283233
1403715531.062143000 0.17317 1.34922 0.723267 0.564788 -0.091246 0.81932 0.0374639
1403715531.212143000 0.193466 1.43537 0.765105 0.539448 -0.0949135 0.835137 0.0503381
1403715531.362143000 0.236405 1.52697 0.816848 0.553216 -0.0858447 0.825336 0.0735041
1403715531.512143000 0.29497 1.60299 0.855859 0.569107 -0.0863471 0.813943 0.0784714
1403715531.662143000 0.359744 1.66242 0.857704 0.57073 -0.0856278 0.812462 0.0827069
1403715531.812143000 0.42473 1.71197 0.859381 0.57768 -0.0938127 0.807838 0.069874
1403715531.912143000 0.468739 1.73967 0.857803 0.588434 -0.0973228 0.80024 0.0623707
1403715532.062143000 0.532694 1.77675 0.862006 0.597155 -0.0991854 0.794047 0.0552905
1403715532.162143000 0.561593 1.79857 0.864396 0.599387 -0.100553 0.792421 0.0518973
1403715532.312143000 0.59896 1.83387 0.861708 0.599677 -0.101911 0.79165 0.0573759
1403715532.412143000 0.613241 1.85559 0.859594 0.594957 -0.100024 0.794664 0.067309
1403715532.562143000 0.63152 1.8851 0.854633 0.589737 -0.0953114 0.7977 0.0824662
1403715532.712143000 0.639543 1.89463 0.847127 0.591776 -0.083709 0.794871 0.104757
1403715532.862143000 0.645744 1.88027 0.835323 0.594571 -0.0759316 0.792118 0.115189
1403715533.012143000 0.647795 1.83922 0.811345 0.593548 -0.0572407 0.795203 0.109891
1403715533.112143000 0.646695 1.79171 0.780095 0.592831 -0.0381906 0.798376 0.0984345
1403715533.262143000 0.64291 1.69876 0.737434 0.608658 -0.0106434 0.79066 0.0654163
1403715533.362143000 0.638287 1.62049 0.723231 0.612994 0.00304044 0.788875 0.0436544
1403715533.512143000 0.609114 1.48639 0.734485 0.604103 0.020455 0.796203 0.0265132
1403715533.662143000 0.565406 1.33727 0.780261 0.591058 0.0441169 0.804629 0.0357417
1403715533.812143000 0.510087 1.16228 0.852477 0.582723 0.056051 0.809838 0.0381489
1403715533.912143000 0.473535 1.02718 0.8982 0.580176 0.0510445 0.812477 0.0259139
1403715534.012143000 0.437976 0.883937 0.938172 0.579474 0.0437379 0.813713 0.0130013
1403715534.162143000 0.388272 0.659871 0.973533 0.579826 0.030543 0.814146 -0.00603332
1403715534.262143000 0.352199 0.505577 0.978701 0.579091 0.0203665 0.814796 -0.0185845
1403715534.362143000 0.319699 0.34711 0.969116 0.578571 0.0152769 0.815151 -0.0234892
1403715534.512143000 0.289938 0.164713 0.915845 0.576493 0.0308474 0.81563 -0.0381068
1403715534.612143000 0.24919 0.0148524 0.895696 0.57522 0.0426599 0.815562 -0.0464885
1403715534.762143000 0.20785 -0.202077 0.85336 0.568089 0.0695374 0.817467 -0.0647074
1403715534.912143000 0.167582 -0.413892 0.805917 0.552169 0.104589 0.82212 -0.0910447
1403715535.062143000 0.143312 -0.612907 0.765068 0.539628 0.137263 0.822399 -0.116707
1403715535.212143000 0.138603 -0.810134 0.723856 0.522716 0.16215 0.826906 -0.12924
1403715535.362143000 0.152437 -1.00028 0.686895 0.512625 0.179324 0.829254 -0.131893
1403715535.512143000 0.221068 -1.18184 0.658164 0.525213 0.200656 0.818614 -0.117301
1403715535.662143000 0.283342 -1.38443 0.633508 0.548381 0.198146 0.803733 -0.118446
1403715535.762143000 0.329972 -1.52173 0.614706 0.555339 0.185389 0.801945 -0.118804
1403715535.862143000 0.376615 -1.65938 0.594033 0.558476 0.162287 0.804259 -0.122204
1403715535.962143000 0.44953 -1.7883 0.552721 0.554037 0.139607 0.811904 -0.11985
1403715536.112143000 0.528977 -1.98569 0.520992 0.542959 0.115533 0.824812 -0.107394
1403715536.262143000 0.627488 -2.17647 0.495792 0.533887 0.0945296 0.833934 -0.102876
1403715536.362143000 0.706002 -2.29748 0.484024 0.534442 0.0801007 0.834845 -0.104831
1403715536.512143000 0.856954 -2.46725 0.47579 0.54352 0.0564353 0.829034 -0.118757
1403715536.612143000 0.958621 -2.56425 0.473153 0.55195 0.0465943 0.823153 -0.124898
1403715536.712143000 1.06725 -2.64658 0.472494 0.564446 0.0407391 0.814411 -0.128361
1403715536.862143000 1.23298 -2.73805 0.478548 0.592117 0.0308902 0.794906 -0.128719
1403715536.962143000 1.33925 -2.7847 0.474399 0.607255 0.0192762 0.782079 -0.138645
1403715537.112143000 1.47854 -2.80528 0.488844 0.633127 0.00580521 0.758745 -0.153042
1403715537.212143000 1.5545 -2.78694 0.50412 0.654768 0.00209732 0.739247 -0.157441
1403715537.362143000 1.63006 -2.70497 0.528113 0.673591 0.0207189 0.726952 -0.131859
1403715537.462143000 1.64499 -2.62477 0.548713 0.658024 0.0436985 0.744775 -0.102005
1403715537.562143000 1.63819 -2.53409 0.567864 0.627508 0.0643546 0.772067 -0.0774874
1403715537.712143000 1.59863 -2.39797 0.603894 0.600674 0.0838668 0.79292 -0.0586101
1403715537.812143000 1.57069 -2.30724 0.631719 0.611254 0.089052 0.784347 -0.0569009
1403715537.962143000 1.52111 -2.18201 0.661436 0.61966 0.0900696 0.777342 -0.0604006
1403715538.062143000 1.46829 -2.09821 0.679858 0.611485 0.094299 0.783554 -0.0568944
1403715538.212143000 1.37547 -1.98395 0.702005 0.597766 0.110415 0.792183 -0.0541307
1403715538.312143000 1.31591 -1.92432 0.704244 0.594088 0.123208 0.792579 -0.0608073
1403715538.462143000 1.207 -1.83627 0.689895 0.605315 0.138738 0.778717 -0.0891372
1403715538.612143000 1.0825 -1.75859 0.675745 0.616352 0.154848 0.761447 -0.127798
1403715538.712143000 0.995193 -1.70496 0.665189 0.611509 0.174736 0.757499 -0.147372
1403715538.862143000 0.834748 -1.61681 0.646131 0.583976 0.215819 0.76291 -0.174249
1403715538.962143000 0.732017 -1.56004 0.630919 0.566085 0.247889 0.761515 -0.195432
1403715539.112143000 0.559463 -1.46809 0.585048 0.545926 0.299633 0.747427 -0.231383
1403715539.162143000 0.498632 -1.43277 0.563025 0.540104 0.317718 0.74037 -0.243303
1403715539.312143000 0.323096 -1.33514 0.482249 0.516595 0.369818 0.721869 -0.274351
1403715539.462143000 0.165938 -1.24344 0.387648 0.492374 0.411586 0.705928 -0.299717
1403715539.562143000 0.0569353 -1.17901 0.339225 0.483721 0.434419 0.695961 -0.304849
1403715539.712143000 -0.0797369 -1.09602 0.30183 0.485176 0.458354 0.678793 -0.306197
1403715539.812143000 -0.178892 -1.04248 0.297704 0.487092 0.462454 0.672924 -0.309921
1403715539.912143000 -0.278052 -0.991093 0.306043 0.481493 0.463135 0.677607 -0.30744
1403715540.062143000 -0.426869 -0.923655 0.342385 0.469926 0.470593 0.689853 -0.286032
1403715540.162143000 -0.518884 -0.88307 0.380199 0.462464 0.478576 0.696687 -0.267804
1403715540.312143000 -0.66695 -0.864147 0.431164 0.464341 0.476467 0.698744 -0.262915
1403715540.412143000 -0.766402 -0.870351 0.46449 0.460955 0.466113 0.70405 -0.273078
1403715540.512143000 -0.862604 -0.889063 0.495625 0.450459 0.457926 0.712829 -0.281542
1403715540.662143000 -0.963008 -0.96043 0.550464 0.431156 0.461602 0.722909 -0.280054
1403715540.812143000 -1.07777 -1.04495 0.588039 0.436708 0.476741 0.714281 -0.267969
1403715540.912143000 -1.14789 -1.12135 0.610828 0.446108 0.478389 0.706105 -0.271195
1403715541.062143000 -1.24743 -1.26193 0.641068 0.455343 0.471414 0.699528 -0.284768
1403715541.212143000 -1.31306 -1.43192 0.670933 0.4637 0.472348 0.693771 -0.283816
1403715541.312143000 -1.37253 -1.54994 0.689052 0.480208 0.475415 0.680965 -0.282253
1403715541.412143000 -1.42839 -1.67586 0.698296 0.482066 0.470753 0.677796 -0.294273
1403715541.512143000 -1.4948 -1.80229 0.704111 0.468313 0.469254 0.686236 -0.299273
1403715541.662143000 -1.58406 -2.00564 0.711476 0.446748 0.46911 0.699969 -0.300656
1403715541.762143000 -1.64264 -2.14628 0.71847 0.437886 0.457804 0.706485 -0.315516
1403715541.862143000 -1.68477 -2.29832 0.724272 0.434451 0.439206 0.709462 -0.339138
1403715541.962143000 -1.71996 -2.44516 0.733282 0.432866 0.421112 0.712739 -0.356785
1403715542.112143000 -1.73655 -2.66566 0.749595 0.441517 0.39151 0.718516 -0.368127
1403715542.212143000 -1.72654 -2.79382 0.761307 0.461035 0.370666 0.717346 -0.36806
1403715542.362143000 -1.68378 -2.96475 0.776479 0.500407 0.345834 0.713674 -0.347363
1403715542.462143000 -1.64196 -3.05505 0.795864 0.533179 0.333914 0.707905 -0.32108
1403715542.612143000 -1.58637 -3.17008 0.817359 0.558907 0.319361 0.708635 -0.288907
1403715542.762143000 -1.53474 -3.26163 0.826254 0.557677 0.311182 0.721532 -0.267494
1403715542.912143000 -1.49304 -3.32607 0.828236 0.549927 0.30887 0.733573 -0.253079
1403715543.062143000 -1.45841 -3.37675 0.815699 0.554002 0.314439 0.733382 -0.237405
1403715543.162143000 -1.44075 -3.40684 0.799566 0.557475 0.316911 0.730861 -0.233733
1403715543.312143000 -1.43139 -3.44613 0.767714 0.56545 0.321179 0.723311 -0.232233
1403715543.412143000 -1.43174 -3.46724 0.750112 0.565935 0.321623 0.72165 -0.235581
1403715543.562143000 -1.44268 -3.49364 0.724916 0.563977 0.316765 0.721162 -0.248024
1403715543.662143000 -1.45775 -3.50402 0.70876 0.569029 0.310378 0.715981 -0.259312
1403715543.812143000 -1.4968 -3.50884 0.676384 0.566679 0.302401 0.7094 -0.29014
1403715543.912143000 -1.52816 -3.49426 0.651004 0.556213 0.306684 0.705812 -0.31369
1403715544.062143000 -1.5757 -3.43659 0.611325 0.528555 0.331466 0.701322 -0.34483
1403715544.212143000 -1.61493 -3.35688 0.544002 0.502665 0.390818 0.685171 -0.353738
1403715544.312143000 -1.64056 -3.28824 0.488182 0.48546 0.435312 0.665247 -0.363701
1403715544.412143000 -1.66359 -3.2129 0.419526 0.468777 0.479991 0.640904 -0.372959
1403715544.562143000 -1.69542 -3.08949 0.308902 0.445665 0.531146 0.603962 -0.39306
1403715544.712143000 -2.19205 -4.21238 -0.110209 0.463806 0.507616 0.621324 -0.375721
1403715544.862143000 -2.23865 -4.07233 -0.130591 0.463835 0.510442 0.607888 -0.393419
1403715545.012143000 -2.28386 -3.91362 -0.106136 0.455576 0.514915 0.610877 -0.392609
1403715545.112143000 -2.31314 -3.80238 -0.0862324 0.447227 0.521324 0.611838 -0.392254
1403715545.262143000 -2.3435 -3.64354 -0.0686285 0.43106 0.537032 0.606265 -0.397778
1403715545.362143000 -2.36895 -3.53046 -0.074292 0.423578 0.550418 0.597333 -0.401018
1403715545.462143000 -2.39113 -3.41963 -0.0761893 0.426459 0.566127 0.583801 -0.395992
1403715545.612143000 -2.42852 -3.25109 -0.0747056 0.435427 0.585868 0.564975 -0.384662
1403715545.712143000 -2.46194 -3.14011 -0.0675507 0.439448 0.59094 0.559596 -0.380167
1403715545.812143000 -2.50415 -3.02436 -0.0571645 0.438288 0.588341 0.563965 -0.37908
1403715545.962143000 -2.58027 -2.85954 -0.0501717 0.438025 0.56673 0.584599 -0.381044
1403715546.062143000 -2.63534 -2.75006 -0.0449488 0.441208 0.543009 0.605959 -0.378537
1403715546.162143000 -2.693 -2.64082 -0.039816 0.451817 0.515707 0.628781 -0.366799
1403715546.312143000 -2.77294 -2.47557 -0.0232414 0.473972 0.469947 0.664266 -0.336528
1403715546.362143000 -2.79917 -2.41988 -0.0169637 0.482031 0.453418 0.675596 -0.325006
1403715546.562143000 -2.90685 -2.19759 0.00861925 0.509602 0.384855 0.719821 -0.27212
1403715546.712143000 -2.98768 -2.0335 0.0274494 0.517001 0.326789 0.756075 -0.232959
1403715546.812143000 -3.03963 -1.92714 0.0357543 0.510629 0.290882 0.783877 -0.200454
1403715546.962143000 -3.11209 -1.77526 0.0509256 0.510773 0.235306 0.811897 -0.15673
1403715547.062143000 -3.14903 -1.68737 0.0609751 0.513053 0.190753 0.825248 -0.139122
1403715547.162143000 -3.17548 -1.60372 0.0716826 0.517327 0.148664 0.834376 -0.118694
1403715547.262143000 -3.18823 -1.5227 0.0869486 0.521596 0.106946 0.840671 -0.0988528
1403715547.462143000 -3.18374 -1.36386 0.107414 0.519348 0.0381964 0.85173 -0.0580917
1403715547.562143000 -3.16258 -1.28258 0.114567 0.514422 0.00719948 0.856736 -0.0363468
1403715547.662143000 -3.10308 -1.20087 0.122012 0.511076 -0.0269128 0.858967 -0.0158904
1403715547.812143000 -3.02142 -1.06797 0.130295 0.508025 -0.0791603 0.857593 0.0133197
1403715547.912143000 -2.93481 -0.97474 0.138402 0.510065 -0.1108 0.852282 0.0342492
1403715548.012143000 -2.84538 -0.873931 0.145833 0.521015 -0.1329 0.841225 0.0567662
1403715548.112143000 -2.74291 -0.765484 0.153876 0.539385 -0.148372 0.825867 0.0706639
1403715548.262143000 -2.58324 -0.60233 0.160596 0.560851 -0.162241 0.80815 0.0775699
1403715548.412143000 -2.4237 -0.440181 0.154162 0.568956 -0.166204 0.801737 0.0766987
1403715548.562143000 -2.26569 -0.26434 0.125768 0.56778 -0.159373 0.80379 0.0784049
1403715548.662143000 -2.16327 -0.144622 0.105623 0.56631 -0.151952 0.806021 0.0808301
1403715548.762143000 -2.06365 -0.0235993 0.0861998 0.56685 -0.145151 0.806771 0.0820514
1403715548.912143000 -1.90982 0.163399 0.0647367 0.567466 -0.136441 0.807954 0.0810948
1403715549.012143000 -1.81076 0.28505 0.0480453 0.568634 -0.136961 0.806814 0.0833626
1403715549.162143000 -1.6708 0.463842 0.0219492 0.579477 -0.146722 0.79605 0.09478
1403715549.312143000 -1.53679 0.642505 0.00641779 0.595876 -0.155247 0.780789 0.105823
1403715549.412143000 -1.45922 0.757552 -0.00426639 0.597445 -0.152746 0.777733 0.121899
1403715549.512143000 -1.39267 0.869942 -0.0253748 0.591095 -0.148845 0.780867 0.136741
1403715549.612143000 -1.32857 0.968468 -0.0376151 0.576696 -0.144838 0.790375 0.147481
1403715549.712143000 -1.26735 1.05281 -0.0572161 0.566007 -0.133172 0.799045 0.153063
1403715549.812143000 -1.19945 1.12699 -0.0665234 0.566363 -0.114504 0.801953 0.151637
1403715549.962143000 -1.09341 1.21719 -0.0804381 0.569392 -0.0717383 0.806011 0.144886
1403715550.062143000 -1.01903 1.25111 -0.0851895 0.566632 -0.0363002 0.812013 0.135073
1403715550.212143000 -0.906639 1.26084 -0.0868554 0.565235 0.00441086 0.819859 0.0912216
1403715550.362143000 -0.789447 1.22873 -0.0573317 0.563682 0.0410587 0.823793 0.0440736
1403715550.462143000 -0.711955 1.18592 -0.0239453 0.566577 0.0644674 0.821419 0.0102578
1403715550.562143000 -0.632145 1.13572 0.00927931 0.567716 0.0911573 0.817895 -0.0208898
1403715550.712143000 -0.51269 1.04628 0.0411508 0.566647 0.143204 0.809815 -0.0510189
1403715550.812143000 -0.436119 0.980653 0.0477121 0.565526 0.183306 0.801692 -0.0622089
1403715550.962143000 -0.32022 0.862303 0.0416906 0.561071 0.241384 0.787758 -0.0798162
1403715551.112143000 -0.224837 0.714264 0.030448 0.554665 0.284768 0.773121 -0.116349
1403715551.212143000 -0.172015 0.596313 0.0437999 0.549754 0.312986 0.761591 -0.140675
1403715551.362143000 -0.107395 0.399108 0.0773642 0.544226 0.363109 0.737925 -0.16564
1403715551.462143000 -0.0776553 0.254742 0.100726 0.539797 0.395524 0.71995 -0.18399
1403715551.612143000 -0.0560242 0.0218114 0.131717 0.529693 0.432868 0.693328 -0.226597
1403715551.762143000 -0.0643907 -0.225634 0.168001 0.520716 0.458779 0.661765 -0.283626
1403715551.862143000 -0.0865829 -0.388911 0.190334 0.51892 0.478313 0.635044 -0.314097
1403715551.912143000 -0.112857 -0.465064 0.199087 0.520295 0.487579 0.619411 -0.328467
1403715552.112143000 -0.208697 -0.757191 0.23644 0.490696 0.52051 0.581081 -0.388114
1403715552.162143000 -0.238255 -0.821828 0.243729 0.479552 0.530109 0.574012 -0.399406
1403715552.362143000 -0.366821 -1.04395 0.273274 0.448195 0.559828 0.528522 -0.454289
1403715552.512143000 -0.457596 -1.15985 0.287451 0.418882 0.58995 0.488122 -0.488092
1403715552.712143000 -0.582013 -1.24739 0.307814 0.386982 0.638076 0.415656 -0.519937
1403715552.862143000 -0.675978 -1.26828 0.313053 0.353042 0.679553 0.358322 -0.534018
1403715552.962143000 -0.743242 -1.25517 0.312727 0.331833 0.708871 0.317985 -0.535046
1403715553.112143000 -0.842086 -1.20158 0.303678 0.301656 0.746385 0.255111 -0.535567
1403715553.262143000 -0.959405 -1.09353 0.293972 0.264995 0.763485 0.198509 -0.554493
1403715553.362143000 -1.03875 -1.00486 0.284009 0.238609 0.7636 0.162059 -0.577682
1403715553.512143000 -1.16129 -0.840757 0.271251 0.182922 0.752976 0.117707 -0.621057
1403715553.612143000 -1.2252 -0.706215 0.253101 0.145297 0.748712 0.0937472 -0.639946
1403715553.812143000 -1.28988 -0.404147 0.207206 0.0850403 0.770812 0.0759873 -0.626772
1403715553.912143000 -1.30432 -0.252838 0.182786 0.0615973 0.790115 0.079299 -0.604678
1403715554.012143000 -1.30584 -0.0963662 0.162254 0.0497683 0.809736 0.0815801 -0.57896
1403715554.162143000 -1.30305 0.131622 0.134041 0.0448618 0.84131 0.0843362 -0.532046
1403715554.312143000 -1.32479 0.345933 0.110992 0.0379048 0.858578 0.0931616 -0.50272
1403715554.412143000 -1.36073 0.479199 0.0886733 0.0154998 0.855215 0.118404 -0.504328
1403715554.512143000 -1.41168 0.600481 0.0587873 -0.0280134 0.826893 0.171212 -0.53493
1403715554.662143000 -1.50048 0.731683 -0.00285168 -0.0940866 0.772513 0.244324 -0.578513
1403715554.762143000 -1.53241 0.777863 -0.0552259 -0.119389 0.746981 0.269502 -0.595932
1403715554.912143000 -1.54452 0.726538 -0.113123 -0.123115 0.724416 0.274794 -0.620123
1403715555.062143000 -1.47663 0.528609 -0.109872 -0.0647396 0.739829 0.224493 -0.630924
1403715555.162143000 -1.39356 0.342279 -0.0792959 0.00774747 0.774782 0.164503 -0.610403
1403715555.312143000 -1.25101 0.0417392 -0.0228209 0.123582 0.818714 0.0740498 -0.555834
1403715555.412143000 -1.16683 -0.141616 -0.0121381 0.159269 0.825514 0.0453306 -0.539542
1403715555.562143000 -1.08317 -0.374494 0.00869597 0.145959 0.815362 0.0534734 -0.557693
1403715555.662143000 -1.02481 -0.49259 0.0370412 0.129407 0.810427 0.0681368 -0.567292
1403715555.862143000 -0.924053 -0.677202 0.139086 0.138438 0.819504 0.0741691 -0.551132
1403715555.962143000 -0.874655 -0.739296 0.201825 0.147264 0.823004 0.0731972 -0.54371
1403715556.112143000 -0.833612 -0.806772 0.294896 0.17111 0.830557 0.061055 -0.526468
1403715556.262143000 -0.820936 -0.828087 0.370299 0.175339 0.821798 0.0597535 -0.538826
1403715556.362143000 -0.827454 -0.814647 0.416895 0.171491 0.816468 0.066556 -0.547303
1403715556.512143000 -0.852344 -0.760744 0.460887 0.148022 0.813129 0.0915968 -0.555446
1403715556.662143000 -0.886107 -0.677769 0.476646 0.114415 0.814385 0.123852 -0.55529
1403715556.762143000 -0.913575 -0.616744 0.470606 0.101642 0.819147 0.137788 -0.547433
1403715556.862143000 -0.947521 -0.556427 0.456685 0.0890112 0.8162 0.150575 -0.550655
1403715557.012143000 -1.00734 -0.468315 0.439875 0.0788176 0.815494 0.161679 -0.550107
1403715557.112143000 -1.04956 -0.421709 0.424961 0.0833905 0.826015 0.159037 -0.534277
1403715557.212143000 -1.09832 -0.381529 0.412228 0.0894525 0.837879 0.153669 -0.516084
1403715557.312143000 -1.15964 -0.346735 0.401373 0.0915191 0.845774 0.150081 -0.503753
1403715557.462143000 -1.27431 -0.306219 0.384628 0.0909874 0.845364 0.146409 -0.505614
1403715557.662143000 -1.4821 -0.265702 0.363314 0.0791007 0.821628 0.150623 -0.544043
1403715557.762143000 -1.59371 -0.255497 0.346286 0.0731788 0.813066 0.151342 -0.557372
1403715557.962143000 -1.81997 -0.247862 0.343676 0.0756293 0.814384 0.136743 -0.558892
1403715558.062143000 -1.93309 -0.250018 0.359712 0.0748311 0.814936 0.130844 -0.559606
1403715558.212143000 -2.09899 -0.255103 0.39904 0.0685808 0.818369 0.128376 -0.555957
1403715558.312143000 -2.21566 -0.264503 0.427559 0.0570778 0.816651 0.133844 -0.558488
1403715558.462143000 -2.38952 -0.291867 0.469591 0.0525612 0.802518 0.135443 -0.578669
1403715558.612143000 -2.55168 -0.325775 0.494559 0.0684196 0.782188 0.124199 -0.606692
1403715558.712143000 -2.65174 -0.351194 0.492745 0.075287 0.777049 0.119714 -0.613347
1403715558.812143000 -2.74101 -0.376502 0.482329 0.0780999 0.774863 0.126666 -0.614364
1403715558.962143000 -2.86408 -0.411148 0.462703 0.0810072 0.769335 0.153425 -0.614835
1403715559.062143000 -2.92153 -0.435916 0.456456 0.0853978 0.764408 0.175491 -0.614484
1403715559.162143000 -2.96606 -0.457783 0.461732 0.0997736 0.759097 0.195486 -0.612864
1403715559.262143000 -2.99421 -0.48678 0.462219 0.113412 0.751768 0.217767 -0.612013
1403715559.412143000 -3.01065 -0.531717 0.462064 0.130878 0.743112 0.255041 -0.604657
1403715559.512143000 -3.00617 -0.563242 0.457023 0.139841 0.748395 0.276715 -0.586327
1403715559.662143000 -2.9923 -0.612567 0.436597 0.163741 0.759707 0.289849 -0.558589
1403715559.762143000 -2.97578 -0.651777 0.405591 0.168534 0.757614 0.303815 -0.552552
1403715559.862143000 -2.95471 -0.695534 0.372735 0.174674 0.752749 0.319738 -0.548293
1403715560.062143000 -2.89759 -0.801108 0.307388 0.186246 0.735645 0.363173 -0.540597
1403715560.212143000 -2.83283 -0.90129 0.274722 0.208618 0.725705 0.38929 -0.527526
1403715560.312143000 -2.7844 -0.977772 0.271862 0.232021 0.721239 0.400932 -0.515009
1403715560.462143000 -2.70899 -1.10784 0.273476 0.259247 0.709813 0.422862 -0.500144
1403715560.612143000 -2.63439 -1.23961 0.276786 0.281547 0.694385 0.447241 -0.488403
1403715560.712143000 -2.58402 -1.33265 0.280931 0.295971 0.681732 0.465465 -0.480608
1403715560.812143000 -2.53316 -1.42905 0.284849 0.307855 0.666143 0.486162 -0.474473
1403715560.962143000 -2.45399 -1.57825 0.289269 0.321363 0.638944 0.521891 -0.464872
1403715561.062143000 -2.38719 -1.67847 0.296621 0.335249 0.621894 0.54286 -0.454047
1403715561.162143000 -2.32396 -1.78391 0.300061 0.354068 0.606571 0.560809 -0.438407
1403715561.312143000 -2.22802 -1.94678 0.308258 0.386549 0.593987 0.574018 -0.410199
1403715561.412143000 -2.16317 -2.05768 0.311383 0.406837 0.589017 0.577784 -0.392056
1403715561.612143000 -2.04885 -2.2834 0.319273 0.422201 0.555411 0.602295 -0.387951
1403715561.712143000 -1.99628 -2.39615 0.323147 0.428519 0.533454 0.615001 -0.391883
1403715561.862143000 -1.91849 -2.55343 0.332612 0.446846 0.499499 0.630583 -0.3914
1403715562.012143000 -1.8309 -2.69881 0.34779 0.474353 0.463141 0.641146 -0.386551
1403715562.162143000 -1.74781 -2.81791 0.367988 0.498543 0.432222 0.643855 -0.387414
1403715562.262143000 -1.69099 -2.87986 0.378565 0.500693 0.417775 0.649342 -0.391314
1403715562.362143000 -1.63397 -2.92346 0.385652 0.489353 0.411367 0.661216 -0.39256
1403715562.512143000 -1.54226 -2.95837 0.387387 0.460869 0.408163 0.686228 -0.38742
1403715562.562143000 -1.50613 -2.96408 0.390386 0.456078 0.40186 0.692713 -0.388137
1403715562.762143000 -1.32752 -2.95777 0.406149 0.470261 0.404358 0.703283 -0.347481
1403715562.912143000 -1.16582 -2.93505 0.416525 0.487713 0.410682 0.705358 -0.309751
1403715563.062143000 -1.01121 -2.90599 0.424055 0.50511 0.395328 0.712608 -0.2842
1403715563.212143000 -0.857347 -2.87573 0.431491 0.52822 0.353668 0.721619 -0.27417
1403715563.312143000 -0.752582 -2.8553 0.440472 0.548071 0.31849 0.728194 -0.260606
1403715563.462143000 -0.611475 -2.803 0.446835 0.570063 0.258851 0.745193 -0.22959
1403715563.612143000 -0.482766 -2.73562 0.435776 0.584004 0.197594 0.76131 -0.200756
1403715563.712143000 -0.399822 -2.68363 0.414243 0.593035 0.159477 0.767408 -0.184286
1403715563.862143000 -0.296888 -2.58222 0.36469 0.610468 0.11286 0.770266 -0.145881
1403715564.012143000 -0.224715 -2.4583 0.29134 0.620811 0.0767864 0.775478 -0.0856218
1403715564.162143000 -0.176304 -2.32654 0.21595 0.622166 0.0394822 0.781627 -0.0202269
1403715564.362143000 -0.152584 -2.16178 0.121704 0.616379 -0.0333222 0.785513 0.0440134
1403715564.512143000 -0.157356 -2.05459 0.0859046 0.590576 -0.104176 0.795871 0.0834124
1403715564.612143000 -0.1746 -1.9923 0.0827845 0.576228 -0.152534 0.79576 0.107058
1403715564.762143000 -0.205393 -1.90562 0.104769 0.563575 -0.222785 0.783228 0.13894
1403715564.912143000 -0.231004 -1.81645 0.154921 0.557402 -0.28559 0.760576 0.171073
1403715565.012143000 -0.255091 -1.75752 0.207771 0.556333 -0.322458 0.740956 0.193647
1403715565.162143000 -0.30538 -1.66679 0.308812 0.541288 -0.372762 0.715963 0.235484
1403715565.262143000 -0.34576 -1.60611 0.364251 0.527371 -0.401017 0.700185 0.266095
1403715565.362143000 -0.388084 -1.54619 0.40754 0.519593 -0.423876 0.679919 0.296753
1403715565.562143000 -0.46712 -1.42893 0.469563 0.502599 -0.468463 0.634135 0.354696
1403715565.662143000 -0.517412 -1.38853 0.491951 0.487655 -0.495713 0.609548 0.380673
1403715565.812143000 -0.588343 -1.35695 0.541781 0.453932 -0.546182 0.569371 0.414063
1403715565.962143000 -0.670781 -1.34704 0.590471 -0.409995 0.600158 -0.519503 -0.449256
1403715566.062143000 -0.729595 -1.34932 0.620907 -0.380502 0.632261 -0.480545 -0.473859
1403715566.162143000 -0.781913 -1.36219 0.652805 -0.351782 0.662137 -0.439497 -0.494637
1403715566.262143000 -0.830057 -1.38273 0.682922 -0.322134 0.688063 -0.398127 -0.514095
1403715566.412143000 -0.901025 -1.44049 0.717275 -0.277895 0.721318 -0.335193 -0.538629
1403715566.512143000 -0.939441 -1.47982 0.731893 -0.249583 0.737413 -0.293729 -0.554665
1403715566.612143000 -0.982637 -1.53877 0.733925 -0.223036 0.749298 -0.254793 -0.569112
1403715566.762143000 -1.02482 -1.62224 0.720858 -0.181894 0.766691 -0.191775 -0.585083
1403715566.862143000 -1.04401 -1.68874 0.711553 -0.146475 0.777264 -0.148296 -0.593645
1403715567.012143000 -1.0596 -1.80104 0.701414 -0.0876539 0.787985 -0.0760207 -0.604662
1403715567.162143000 -1.04995 -1.93067 0.691044 -0.0151643 0.796063 -0.000600329 -0.605024
1403715567.312143000 -1.02405 -2.05613 0.680964 0.0543272 0.799887 0.084414 -0.591696
1403715567.462143000 -0.987328 -2.1775 0.656997 0.111448 0.793039 0.179959 -0.571213
1403715567.562143000 -0.926153 -2.2941 0.623656 0.145269 0.781172 0.240383 -0.557569
1403715567.712143000 -0.875394 -2.41495 0.555881 0.199611 0.752215 0.319178 -0.54079
1403715567.862143000 -0.817159 -2.53544 0.48526 0.255951 0.710994 0.389175 -0.526801
1403715567.962143000 -0.756321 -2.61831 0.443161 0.287726 0.681747 0.435523 -0.512596
1403715568.112143000 -0.684864 -2.7295 0.380704 0.334984 0.631185 0.494899 -0.494435
1403715568.262143000 -0.598387 -2.82355 0.335424 0.381304 0.581428 0.546694 -0.466556
1403715568.362143000 -0.533949 -2.87894 0.301109 0.410038 0.549159 0.577376 -0.443768
1403715568.512143000 -0.435269 -2.93353 0.266551 0.446499 0.497913 0.621669 -0.407736
1403715568.612143000 -0.364055 -2.96604 0.243735 0.467771 0.461888 0.649043 -0.382876
1403715568.712143000 -0.290352 -2.98793 0.226405 0.486744 0.424996 0.674886 -0.356353
1403715568.812143000 -0.214964 -2.99269 0.21905 0.503295 0.388338 0.69886 -0.327845
1403715569.062143000 -0.0283257 -2.98799 0.193506 0.526706 0.305138 0.750724 -0.256683
1403715569.162143000 0.0464719 -2.97579 0.182355 0.534261 0.274898 0.76593 -0.228796
1403715569.312143000 0.15903 -2.95255 0.170027 0.554545 0.235061 0.7744 -0.193727
1403715569.462143000 0.268361 -2.91878 0.161228 0.579951 0.19763 0.771198 -0.17278
1403715569.612143000 0.366078 -2.87461 0.155572 0.590246 0.157851 0.776199 -0.155589
1403715569.712143000 0.425912 -2.83405 0.150367 0.590512 0.131599 0.783931 -0.139387
1403715569.862143000 0.498118 -2.75801 0.148624 0.591969 0.0902556 0.794488 -0.101072
1403715570.012143000 0.556712 -2.67043 0.148018 0.602513 0.0398676 0.794589 -0.0633779
1403715570.062143000 0.571984 -2.63763 0.148693 0.605242 0.0224909 0.794115 -0.0505843
1403715570.212143000 0.610612 -2.5341 0.142577 0.610025 -0.0314651 0.791696 -0.00986219
1403715570.312143000 0.621646 -2.45949 0.141079 0.611694 -0.0690662 0.787846 0.0189398
1403715570.462143000 0.618352 -2.34268 0.134972 0.613476 -0.128121 0.776472 0.0657563
1403715570.612143000 0.591693 -2.2308 0.121863 0.610833 -0.191384 0.760022 0.112347
1403715570.712143000 0.556912 -2.16234 0.102672 0.596618 -0.233417 0.754084 0.14464
1403715570.812143000 0.531452 -2.09223 0.0904835 0.582519 -0.276548 0.743923 0.175418
1403715571.062143000 0.381713 -1.92049 0.0531123 0.540761 -0.368422 0.715413 0.245007
1403715571.162143000 0.319281 -1.85753 0.0390608 0.529841 -0.385184 0.706368 0.268227
1403715571.262143000 0.257646 -1.79398 0.0250628 0.533259 -0.393616 0.69164 0.286941
1403715571.412143000 0.159562 -1.71447 0.00944421 0.541705 -0.399946 0.676758 0.297656
1403715571.512143000 0.0887129 -1.67188 -0.00100153 0.5317 -0.406055 0.682537 0.294206
1403715571.662143000 -0.00644115 -1.61062 -0.0220262 0.490953 -0.399557 0.710554 0.307299
1403715571.762143000 -0.0766208 -1.57678 -0.0503999 0.45191 -0.386061 0.736544 0.322856
1403715571.862143000 -0.131525 -1.54564 -0.0858702 0.415671 -0.377191 0.759257 0.329352
1403715572.012143000 -0.171933 -1.49774 -0.137991 0.377054 -0.376155 0.783484 0.320144
1403715572.112143000 -0.155033 -1.45953 -0.171963 0.371585 -0.392187 0.787428 0.296767
1403715572.262143000 -0.0784532 -1.37919 -0.215618 0.412419 -0.434987 0.755997 0.262992
1403715572.412143000 0.0268216 -1.26029 -0.253827 0.479941 -0.472952 0.690712 0.262469
1403715572.562143000 0.11544 -1.12363 -0.291397 0.504853 -0.494902 0.644923 0.290292
1403715572.712143000 0.172922 -1.00122 -0.326947 0.498574 -0.520899 0.615093 0.318982
1403715572.862143000 0.198181 -0.867586 -0.35239 0.473108 -0.55075 0.59509 0.344543
1403715573.012143000 0.194221 -0.740171 -0.344441 -0.448463 0.572731 -0.572089 -0.37891
1403715573.112143000 0.182987 -0.657299 -0.325564 -0.431923 0.587389 -0.55435 -0.401389
1403715573.262143000 0.157831 -0.544028 -0.28579 -0.401873 0.611342 -0.528526 -0.430604
1403715573.362143000 0.138294 -0.474326 -0.261584 -0.379345 0.629253 -0.51141 -0.445643
1403715573.512143000 0.106874 -0.372131 -0.228083 -0.338855 0.652692 -0.488855 -0.469245
1403715573.612143000 0.0919668 -0.30626 -0.207104 -0.315822 0.66837 -0.471129 -0.481223
1403715573.762143000 0.0731468 -0.20131 -0.17873 -0.296494 0.701923 -0.433364 -0.481239
1403715573.912143000 0.0573089 -0.0955484 -0.151486 -0.273268 0.737919 -0.392117 -0.476492
1403715574.062143000 0.0316594 0.0201446 -0.121814 -0.235893 0.768067 -0.349759 -0.481764
1403715574.212143000 -0.0126087 0.144526 -0.0862265 -0.199583 0.788672 -0.29852 -0.499048
1403715574.312143000 -0.0499278 0.235436 -0.0623746 -0.190484 0.794307 -0.253571 -0.518163
1403715574.462143000 -0.115839 0.373139 -0.0328588 -0.192559 0.800901 -0.189909 -0.53424
1403715574.562143000 -0.162748 0.453723 -0.0212783 -0.191789 0.804473 -0.16345 -0.537889
1403715574.862143000 -0.360166 0.636881 0.0140971 -0.15274 0.818692 -0.130498 -0.537945
1403715575.012143000 -0.484312 0.695652 0.0377967 -0.13059 0.812512 -0.135622 -0.551703
1403715575.162143000 -0.613526 0.749219 0.0617746 -0.133543 0.797371 -0.134054 -0.573058
1403715575.312143000 -0.739055 0.787738 0.0919797 -0.150183 0.778945 -0.130386 -0.594718
1403715575.412143000 -0.813889 0.807559 0.107278 -0.150915 0.785905 -0.139061 -0.583301
1403715575.512143000 -0.883552 0.812625 0.123002 -0.157223 0.792827 -0.144168 -0.570895
1403715575.662143000 -0.980534 0.796707 0.156731 -0.190408 0.788617 -0.134379 -0.569007
1403715575.762143000 -1.04863 0.77332 0.178744 -0.208021 0.785834 -0.129436 -0.567836
1403715575.912143000 -1.16612 0.69999 0.210447 -0.208844 0.787602 -0.137793 -0.563099
1403715576.012143000 -1.23944 0.630727 0.231028 -0.190533 0.788606 -0.154369 -0.563887
1403715576.062143000 -1.27285 0.58793 0.242424 -0.182298 0.78867 -0.161283 -0.564584
1403715576.362143000 -1.48762 0.317309 0.294734 -0.162181 0.780284 -0.17479 -0.57819
1403715576.462143000 -1.56166 0.220398 0.317863 -0.164276 0.76861 -0.170869 -0.594185
1403715576.612143000 -1.65525 0.0705525 0.351562 -0.173688 0.752198 -0.166799 -0.613358
1403715576.712143000 -1.69942 -0.0448335 0.374049 -0.181419 0.749832 -0.169235 -0.613351
1403715576.812143000 -1.73127 -0.169299 0.396323 -0.185452 0.755038 -0.179335 -0.602797
1403715576.912143000 -1.75866 -0.30065 0.420103 -0.187366 0.765611 -0.191876 -0.584737
1403715577.062143000 -1.78237 -0.513459 0.456431 -0.183401 0.77096 -0.215712 -0.570485
1403715577.162143000 -1.79402 -0.658273 0.479205 -0.177397 0.768456 -0.237179 -0.567232
1403715577.262143000 -1.79924 -0.796057 0.488377 -0.175237 0.764255 -0.253446 -0.566543
1403715577.412143000 -1.806 -1.00731 0.463815 -0.186548 0.761823 -0.260083 -0.563189
1403715577.512143000 -1.80507 -1.14729 0.434584 -0.192927 0.761494 -0.261227 -0.560952
1403715577.612143000 -1.80086 -1.28608 0.410889 -0.195784 0.761504 -0.262606 -0.559302
1403715577.762143000 -1.78549 -1.48705 0.393846 -0.189925 0.760997 -0.268184 -0.559366
1403715577.862143000 -1.7727 -1.62182 0.394037 -0.182797 0.75741 -0.279013 -0.561309
1403715577.962143000 -1.75161 -1.74174 0.379801 -0.178604 0.75307 -0.294602 -0.560531
1403715578.112143000 -1.7117 -1.92337 0.331788 -0.168751 0.747787 -0.333456 -0.548767
1403715578.262143000 -1.6561 -2.07681 0.261041 -0.166463 0.738574 -0.382223 -0.529815
1403715578.412143000 -1.58629 -2.18133 0.184627 -0.20529 0.722939 -0.412738 -0.514648
1403715578.512143000 -1.52658 -2.22918 0.133914 -0.234386 0.718328 -0.430728 -0.493499
1403715578.662143000 -1.43031 -2.2929 0.052243 -0.262222 0.73179 -0.454596 -0.434817
1403715578.812143000 -1.35367 -2.32089 -0.0261564 -0.268088 0.73984 -0.475572 -0.393188
1403715578.912143000 -1.32271 -2.3037 -0.0655573 -0.276384 0.737422 -0.479711 -0.386908
1403715579.012143000 -1.3146 -2.26349 -0.0987685 -0.302391 0.731354 -0.467476 -0.393886
1403715579.162143000 -1.31758 -2.18498 -0.13532 -0.356572 0.724992 -0.430106 -0.402806
1403715579.312143000 -1.37143 -2.10128 -0.148013 -0.395862 0.714258 -0.399877 -0.416205
1403715579.462143000 -1.47411 -2.0376 -0.169533 -0.395702 0.7105 -0.402286 -0.420447
1403715579.562143000 -1.56895 -2.00563 -0.178128 -0.377211 0.709796 -0.417713 -0.423577
1403715579.712143000 -1.74093 -1.96545 -0.181921 -0.36471 0.704274 -0.424281 -0.437001
1403715579.812143000 -1.87029 -1.94144 -0.178983 -0.363094 0.70016 -0.422063 -0.446991
1403715579.912143000 -2.01238 -1.91706 -0.157862 -0.367183 0.698022 -0.419221 -0.449662
1403715580.012143000 -2.16089 -1.90118 -0.138078 -0.365357 0.688741 -0.429807 -0.45543
1403715580.112143000 -2.31466 -1.89213 -0.126208 -0.367793 0.674888 -0.447476 -0.457187
1403715580.312143000 -2.62925 -1.87617 -0.13491 -0.38134 0.640583 -0.492427 -0.449164
1403715580.412143000 -2.78561 -1.87362 -0.143523 -0.386093 0.617529 -0.520011 -0.446294
1403715580.562143000 -3.00926 -1.88216 -0.150166 -0.387941 0.585416 -0.558867 -0.440972
1403715580.712143000 -3.22374 -1.89184 -0.15816 0.373268 -0.562214 0.593275 0.438875
1403715580.812143000 -3.34936 -1.8979 -0.161266 0.360911 -0.549297 0.611889 0.440009
1403715580.962143000 -3.49999 -1.90374 -0.164886 0.330904 -0.530471 0.639498 0.447376
1403715581.112143000 -3.58621 -1.90546 -0.164295 0.322798 -0.537937 0.648677 0.430864
1403715581.262143000 -3.6242 -1.87515 -0.15742 0.342521 -0.548889 0.639899 0.414643
1403715581.412143000 -3.62391 -1.82473 -0.145962 0.353706 -0.555916 0.622921 0.421686
1403715581.512143000 -3.6068 -1.78494 -0.141478 0.364641 -0.574181 0.599636 0.42165
1403715581.662143000 -3.56566 -1.7191 -0.156368 -0.381577 0.611834 -0.55013 -0.421206
1403715581.762143000 -3.53982 -1.67136 -0.176551 -0.384566 0.639308 -0.5153 -0.421734
1403715581.862143000 -3.52009 -1.61694 -0.191058 -0.3827 0.666032 -0.479399 -0.424404
1403715582.012143000 -3.5107 -1.54682 -0.189486 -0.35651 0.686791 -0.443557 -0.452189
1403715582.112143000 -3.51625 -1.51033 -0.171424 -0.343868 0.687579 -0.420058 -0.482225
1403715582.212143000 -3.52277 -1.47256 -0.15738 -0.335315 0.687079 -0.399973 -0.505478
1403715582.362143000 -3.52821 -1.43392 -0.16373 -0.320725 0.701309 -0.388814 -0.504108
1403715582.512143000 -3.53787 -1.40144 -0.182124 -0.30796 0.718954 -0.390682 -0.485421
1403715582.662143000 -3.56418 -1.36896 -0.178048 -0.300762 0.727652 -0.398076 -0.470744
1403715582.812143000 -3.60067 -1.33435 -0.16287 -0.298554 0.730056 -0.408833 -0.459063
1403715582.912143000 -3.63901 -1.30342 -0.164981 -0.296292 0.733479 -0.418202 -0.446461
1403715583.162143000 -3.75471 -1.20766 -0.221619 -0.29946 0.72805 -0.432171 -0.43988
1403715583.262143000 -3.81746 -1.15325 -0.244349 -0.311048 0.708097 -0.42929 -0.46643
1403715583.362143000 -3.88856 -1.09634 -0.260388 -0.320028 0.686085 -0.42545 -0.495844
1403715583.512143000 -3.98295 -1.02038 -0.29723 -0.330585 0.657819 -0.416903 -0.533085
1403715583.612143000 -4.03621 -0.979798 -0.316923 -0.341015 0.637691 -0.405723 -0.55897
1403715583.762143000 -4.09082 -0.955536 -0.350364 -0.367826 0.602291 -0.377796 -0.599349
1403715583.912143000 -4.10228 -1.00089 -0.370333 0.376715 -0.583925 0.363565 0.620433
1403715584.012143000 -4.08216 -1.07657 -0.360882 0.363179 -0.586205 0.371341 0.621748
1403715584.162143000 -4.00287 -1.26061 -0.317454 -0.327107 0.611505 -0.399774 -0.59937
1403715584.312143000 -3.87092 -1.49221 -0.248985 -0.284379 0.655903 -0.432473 -0.549443
1403715584.412143000 -3.75726 -1.65892 -0.219212 -0.265031 0.679278 -0.444976 -0.519939
1403715584.612143000 -3.52641 -1.95482 -0.192345 -0.255635 0.703412 -0.450811 -0.486449
1403715584.712143000 -3.40502 -2.08246 -0.181717 -0.265268 0.715205 -0.443597 -0.470464
1403715584.862143000 -3.22762 -2.24041 -0.160873 -0.280862 0.727527 -0.434432 -0.450655
1403715585.012143000 -3.06938 -2.3789 -0.137573 -0.289191 0.742981 -0.430081 -0.423531
1403715585.162143000 -2.9436 -2.49032 -0.121224 -0.278504 0.753553 -0.440586 -0.400596
1403715585.312143000 -2.856 -2.5618 -0.0924056 -0.278672 0.750368 -0.441234 -0.405713
1403715585.462143000 -2.80406 -2.59426 -0.0601754 -0.292412 0.74126 -0.429012 -0.425414
1403715585.562143000 -2.78785 -2.60266 -0.0430893 -0.303125 0.734661 -0.419087 -0.439037
1403715585.712143000 -2.77986 -2.60515 -0.0206978 -0.310062 0.730529 -0.410606 -0.44899
1403715585.812143000 -2.78579 -2.60352 -0.0201363 -0.306668 0.729539 -0.411862 -0.451771
1403715585.962143000 -2.80767 -2.59707 -0.0562343 -0.284584 0.722435 -0.428064 -0.46245
1403715586.112143000 -2.83939 -2.58174 -0.092938 -0.264437 0.700187 -0.446201 -0.490629
1403715586.262143000 -2.85343 -2.53998 -0.103247 -0.289576 0.68513 -0.430503 -0.511283
1403715586.412143000 -2.8558 -2.49792 -0.104416 -0.328065 0.685408 -0.40321 -0.509914
1403715586.562143000 -2.85563 -2.47393 -0.10771 -0.346243 0.681451 -0.388324 -0.514729
1403715586.712143000 -2.85941 -2.47558 -0.107698 -0.343166 0.68197 -0.391217 -0.51391
1403715586.812143000 -2.86196 -2.49168 -0.107823 -0.326532 0.687595 -0.405195 -0.506367
1403715586.962143000 -2.86889 -2.524 -0.0992113 -0.304038 0.699452 -0.425071 -0.487486
1403715587.112143000 -2.8709 -2.55635 -0.0927332 -0.30083 0.699763 -0.430711 -0.484067
1403715587.212143000 -2.87285 -2.57358 -0.0825127 -0.31207 0.695526 -0.422274 -0.490448
1403715587.312143000 -2.87617 -2.59179 -0.0681988 -0.319236 0.69222 -0.414128 -0.497412
1403715587.462143000 -2.8821 -2.62606 -0.0373423 -0.305796 0.686638 -0.417252 -0.510802
1403715587.562143000 -2.88205 -2.65335 -0.0205028 -0.293677 0.681335 -0.429108 -0.515173
1403715587.712143000 -2.86485 -2.69286 0.00662467 -0.283241 0.670135 -0.458501 -0.510363
1403715587.862143000 -2.82135 -2.72184 0.0332357 -0.297271 0.6513 -0.492044 -0.495309
1403715588.012143000 -2.75476 -2.73828 0.0644437 -0.341534 0.622659 -0.519357 -0.475309
1403715588.162143000 -2.66977 -2.75844 0.0835161 -0.392301 0.586308 -0.542225 -0.456437
1403715588.312143000 -2.57512 -2.78924 0.0614385 0.430007 -0.546667 0.570596 0.436657
1403715588.462143000 -2.47267 -2.83158 0.00783152 0.456907 -0.51052 0.600071 0.41294
1403715588.612143000 -2.36976 -2.90089 -0.0508792 0.474065 -0.478919 0.630086 0.385863
1403715588.762143000 -2.26462 -2.99633 -0.100131 0.477014 -0.456165 0.665232 0.349052
1403715588.912143000 -2.15131 -3.091 -0.169548 0.470788 -0.442534 0.703026 0.297115
1403715589.062143000 -2.046 -3.17389 -0.233325 0.460766 -0.425006 0.738672 0.247847
1403715589.162143000 -1.96745 -3.21753 -0.256177 0.460342 -0.408784 0.754796 0.226415
1403715589.312143000 -1.83971 -3.2497 -0.263727 0.462671 -0.384476 0.772644 0.202817
1403715589.412143000 -1.7329 -3.25943 -0.265598 0.459041 -0.368583 0.786314 0.187452
1403715589.562143000 -1.57658 -3.23026 -0.245727 0.454442 -0.346488 0.803651 0.166053
1403715589.712143000 -1.39754 -3.14884 -0.210683 0.459309 -0.332898 0.808667 0.155797
1403715589.862143000 -1.18525 -3.02672 -0.128883 0.508234 -0.320011 0.781428 0.169296
1403715590.112143000 -0.817904 -2.77209 0.00940955 0.551435 -0.30729 0.750972 0.193733
1403715590.262143000 -0.619062 -2.62353 0.0749394 0.547096 -0.319331 0.749921 0.190611
1403715590.412143000 -0.438169 -2.47335 0.135656 0.543585 -0.351824 0.739104 0.185636
1403715590.512143000 -0.327889 -2.36112 0.173925 0.54163 -0.379816 0.725714 0.188986
1403715590.612143000 -0.229614 -2.24024 0.21281 0.535222 -0.411135 0.711228 0.196622
1403715590.862143000 -0.0387549 -1.90383 0.311845 0.492637 -0.462468 0.68541 0.271377
1403715591.012143000 0.0586138 -1.68529 0.370211 0.474106 -0.500425 0.653604 0.312411
1403715591.112143000 0.112893 -1.5403 0.403732 0.457083 -0.531689 0.630668 0.332627
1403715591.262143000 0.179273 -1.32679 0.45421 -0.435879 0.586257 -0.585492 -0.351442
1403715591.362143000 0.216137 -1.17906 0.479585 -0.422408 0.619717 -0.551922 -0.364561
1403715591.512143000 0.242505 -0.960041 0.516842 -0.396208 0.661258 -0.505149 -0.388049
1403715591.612143000 0.241307 -0.815872 0.531077 -0.372214 0.684035 -0.478322 -0.405907
1403715591.812143000 0.22018 -0.515535 0.519537 -0.338415 0.718763 -0.418496 -0.440131
1403715591.912143000 0.193561 -0.368754 0.497577 -0.324213 0.73401 -0.388936 -0.452597
1403715592.062143000 0.132049 -0.153326 0.446278 -0.310336 0.75915 -0.336494 -0.462768
1403715592.212143000 0.0337514 0.0397889 0.392458 -0.294423 0.775065 -0.279322 -0.484322
1403715592.362143000 -0.0942093 0.205398 0.360327 -0.272665 0.786736 -0.220484 -0.508023
1403715592.512143000 -0.246074 0.329411 0.356432 -0.246846 0.80011 -0.162274 -0.522071
1403715592.612143000 -0.362641 0.386989 0.353991 -0.230485 0.805859 -0.123096 -0.531334
1403715592.712143000 -0.489927 0.421947 0.344177 -0.214018 0.810272 -0.0825891 -0.539291
1403715592.862143000 -0.692985 0.426635 0.344161 -0.157297 0.818501 -0.0440932 -0.55079
1403715592.962143000 -0.833911 0.403112 0.346368 -0.101346 0.823393 -0.0319432 -0.557434
1403715593.112143000 -1.04593 0.346447 0.341825 -0.0270816 0.822446 -0.00234924 -0.568193
1403715593.212143000 -1.18566 0.308447 0.340181 0.00674433 0.818768 0.0306231 -0.573268
1403715593.312143000 -1.31677 0.271313 0.337789 0.0291716 0.814992 0.0680935 -0.574718
1403715593.462143000 -1.51769 0.215516 0.330765 0.039988 0.806049 0.135602 -0.574715
1403715593.612143000 -1.71042 0.143421 0.32438 0.0611476 0.791436 0.19383 -0.576473
1403715593.762143000 -1.89149 0.0508783 0.31762 0.0988043 0.765889 0.238749 -0.58877
1403715593.912143000 -2.03912 -0.0572808 0.31492 0.134463 0.744652 0.288403 -0.586717
1403715594.062143000 -2.15452 -0.178299 0.307866 0.170566 0.731776 0.340931 -0.564958
1403715594.162143000 -2.21941 -0.269114 0.30462 0.195465 0.724018 0.371406 -0.547402
1403715594.312143000 -2.30495 -0.418447 0.300057 0.22841 0.705845 0.414106 -0.527378
1403715594.462143000 -2.36025 -0.570276 0.299278 0.254255 0.677755 0.459099 -0.515005
1403715594.562143000 -2.3849 -0.677646 0.299422 0.268221 0.654071 0.493153 -0.506999
1403715594.662143000 -2.39737 -0.788777 0.298621 0.283214 0.63195 0.526975 -0.492672
1403715594.812143000 -2.39827 -0.974045 0.298169 0.313878 0.615202 0.571442 -0.443238
1403715594.912143000 -2.37997 -1.10069 0.29562 0.338163 0.601853 0.59565 -0.410633
1403715595.062143000 -2.34327 -1.3071 0.289747 0.367177 0.570708 0.632169 -0.373946
1403715595.112143000 -2.33094 -1.3804 0.283934 0.378128 0.558643 0.642512 -0.363478
1403715595.312143000 -2.26581 -1.69901 0.277761 0.429723 0.503466 0.674906 -0.326132
1403715595.412143000 -2.23106 -1.86585 0.270905 0.454769 0.470684 0.689644 -0.309892
1403715595.612143000 -2.16213 -2.19818 0.256444 0.498261 0.387159 0.718014 -0.293769
1403715595.712143000 -2.12789 -2.3643 0.248642 0.51652 0.32983 0.729885 -0.302798
1403715595.862143000 -2.06943 -2.58478 0.240568 0.546118 0.245816 0.736178 -0.315233
1403715595.962143000 -2.02696 -2.69686 0.245221 0.573267 0.200997 0.727974 -0.317835
1403715596.112143000 -1.96389 -2.79688 0.267547 0.628411 0.165536 0.700062 -0.295992
1403715596.262143000 -1.93438 -2.81502 0.30513 0.62743 0.158209 0.713142 -0.269686
1403715596.412143000 -1.93787 -2.74755 0.348566 0.56542 0.17294 0.774374 -0.225249
1403715596.562143000 -1.93886 -2.65143 0.397088 0.514286 0.181043 0.819982 -0.174249
1403715596.662143000 -1.92534 -2.58297 0.430668 0.489206 0.177528 0.841353 -0.145896
1403715596.762143000 -1.89437 -2.51727 0.463861 0.473692 0.166289 0.855883 -0.124211
1403715596.912143000 -1.80704 -2.4298 0.506073 0.454123 0.150958 0.873056 -0.0935794
1403715597.062143000 -1.66673 -2.3659 0.547633 0.44288 0.13742 0.882514 -0.0783766
1403715597.212143000 -1.46399 -2.31411 0.601345 0.471768 0.129247 0.869476 -0.0688603
1403715597.362143000 -1.21663 -2.29351 0.64486 0.5226 0.119064 0.842494 -0.0540032
1403715597.512143000 -0.94646 -2.30149 0.67798 0.571689 0.0931053 0.814228 -0.0391882
1403715597.712143000 -0.612931 -2.3065 0.714583 0.590924 0.0415232 0.80547 -0.0173939
1403715597.812143000 -0.454528 -2.3141 0.727436 0.588889 0.0202854 0.807943 -0.00508089
1403715597.962143000 -0.212702 -2.34581 0.737927 0.598771 -0.00194219 0.800898 0.00568479
1403715598.112143000 0.00243662 -2.37026 0.753721 0.607479 -0.0150552 0.794172 0.00579892
1403715598.262143000 0.203683 -2.39584 0.754845 0.623933 -0.0197528 0.781217 0.00426591
1403715598.462143000 0.425265 -2.42749 0.727865 0.665309 -0.0123428 0.746398 0.0101287
1403715598.562143000 0.503036 -2.43809 0.71198 0.680297 -0.00583815 0.73276 0.0149605
1403715598.712143000 0.564784 -2.46877 0.683393 0.667767 -0.00431295 0.744296 0.0096571
1403715598.812143000 0.575505 -2.49017 0.657229 0.64104 -0.00580182 0.767477 0.00366606
1403715598.862143000 0.56969 -2.49805 0.639364 0.62956 -0.00640705 0.776925 0.000792256
1403715599.112143000 0.532019 -2.54858 0.557782 0.603477 -0.011363 0.797247 -0.00914976
1403715599.262143000 0.492747 -2.57079 0.500309 0.595166 -0.00620135 0.803577 -0.00185727
1403715599.362143000 0.463744 -2.58079 0.455665 0.588388 0.00219458 0.808525 0.00909765
1403715599.512143000 0.414008 -2.60646 0.387779 0.587701 0.0174428 0.808333 0.0300112
1403715599.612143000 0.379817 -2.63291 0.343701 0.590918 0.0237421 0.805443 0.0389101
1403715599.762143000 0.322197 -2.694 0.278279 0.602938 0.0250203 0.796405 0.0397464
1403715599.912143000 0.253394 -2.77369 0.212352 0.605024 0.0108243 0.795964 0.0164322
1403715600.012143000 0.200512 -2.83279 0.167259 0.594716 0.00149821 0.803934 0.00120728
1403715600.112143000 0.145349 -2.89103 0.122366 0.587871 -0.0158556 0.808637 -0.0162281
1403715600.212143000 0.088128 -2.9477 0.0800472 0.583774 -0.046024 0.809891 -0.0341499
1403715600.412143000 -0.0333305 -3.00922 -0.00732924 0.577208 -0.108216 0.808991 -0.0255665
1403715600.562143000 -0.129149 -3.01012 -0.0669336 0.555925 -0.140853 0.818775 0.0267434
1403715600.662143000 -0.179416 -2.99203 -0.0993001 0.541176 -0.163552 0.822332 0.0644127
1403715600.812143000 -0.256645 -2.95434 -0.128729 0.533692 -0.208896 0.812339 0.107889
1403715600.962143000 -0.310134 -2.89748 -0.128114 0.532423 -0.255372 0.79491 0.139385
1403715601.112143000 -0.350169 -2.82851 -0.0999509 0.53483 -0.285816 0.778828 0.160295
1403715601.212143000 -0.372568 -2.77561 -0.0669826 0.537557 -0.298792 0.771132 0.164657
1403715601.312143000 -0.39378 -2.71699 -0.0254173 0.540866 -0.3089 0.765159 0.163023
1403715601.412143000 -0.407211 -2.6485 0.018245 0.542004 -0.315252 0.761523 0.164104
1403715601.562143000 -0.446252 -2.5399 0.0767496 0.541366 -0.314116 0.760879 0.17122
1403715601.712143000 -0.487623 -2.41912 0.128324 0.540895 -0.308568 0.76171 0.17893
1403715601.912143000 -0.53918 -2.24875 0.189752 0.554565 -0.298447 0.754545 0.184522
1403715602.012143000 -0.568706 -2.16045 0.22073 0.57449 -0.282904 0.745555 0.184592
1403715602.162143000 -0.622162 -2.03533 0.258274 0.601364 -0.252017 0.736388 0.180502
1403715602.262143000 -0.669731 -1.9604 0.277712 0.604203 -0.229006 0.743359 0.172952
1403715602.412143000 -0.759311 -1.8659 0.297187 0.590394 -0.202312 0.767953 0.144059
1403715602.562143000 -0.869422 -1.78389 0.320841 0.573283 -0.174739 0.792518 0.112818
1403715602.662143000 -0.939787 -1.73398 0.327104 0.574167 -0.157751 0.798511 0.0884676
1403715602.712143000 -0.975006 -1.70907 0.3267 0.575778 -0.14771 0.800414 0.0774557
1403715602.912143000 -1.12336 -1.60883 0.281007 0.574351 -0.103989 0.810981 0.0402072
1403715603.062143000 -1.22492 -1.5206 0.219744 0.573512 -0.0716402 0.815893 0.0164479
1403715603.212143000 -1.32325 -1.4254 0.151125 0.573687 -0.0378207 0.818179 -0.00602871
1403715603.362143000 -1.42268 -1.32289 0.0826346 0.563043 -0.0105323 0.825976 -0.0252011
1403715603.512143000 -1.50734 -1.21 0.0259953 0.563019 0.0139217 0.825927 -0.0256922
1403715603.612143000 -1.55677 -1.13309 -0.00511619 0.563592 0.0294692 0.82532 -0.0184932
1403715603.762143000 -1.62878 -1.01717 -0.0415068 0.567135 0.0529115 0.82192 -0.0023819
1403715603.862143000 -1.66944 -0.954061 -0.0587285 0.567915 0.0632252 0.820623 0.0072349
1403715604.062143000 -1.72886 -0.868697 -0.0706672 0.538034 0.0613988 0.840659 0.00652319
1403715604.162143000 -1.74909 -0.842091 -0.0741695 0.539222 0.0485884 0.840683 -0.0114411
1403715604.262143000 -1.75963 -0.820879 -0.0783501 0.54711 0.0401333 0.835752 -0.0240522
1403715604.462143000 -1.7521 -0.787096 -0.0865992 0.549977 0.0354836 0.83383 -0.0315139
1403715604.562143000 -1.74241 -0.769204 -0.0941248 0.558557 0.0352447 0.828089 -0.0322652
1403715604.662143000 -1.7283 -0.751135 -0.102283 0.569288 0.0341148 0.820715 -0.0342845
1403715604.812143000 -1.69873 -0.724879 -0.117516 0.573838 0.0327695 0.817485 -0.0368079
1403715604.962143000 -1.6744 -0.69385 -0.129398 0.571807 0.0313168 0.818911 -0.0379618
1403715605.112143000 -1.64701 -0.660121 -0.136194 0.569512 0.0307604 0.820587 -0.0366972
1403715605.212143000 -1.62565 -0.635907 -0.136476 0.57272 0.0289928 0.81845 -0.0359312
1403715605.412143000 -1.57947 -0.586416 -0.129901 0.578487 0.0332151 0.814712 -0.0222381
1403715605.512143000 -1.55584 -0.562906 -0.137716 0.576935 0.0347441 0.815892 -0.0160481
1403715605.662143000 -1.51825 -0.531557 -0.166628 0.573139 0.035147 0.818627 -0.0112308
1403715605.762143000 -1.49355 -0.517185 -0.189011 0.5755 0.0284554 0.817086 -0.0189831
1403715605.862143000 -1.46802 -0.504847 -0.207802 0.576679 0.0237623 0.816263 -0.0243273
1403715605.962143000 -1.44202 -0.492094 -0.223277 0.57913 0.0205228 0.81453 -0.0269918
1403715606.162143000 -1.39059 -0.463289 -0.269351 0.581197 0.0165794 0.81315 -0.0268677
1403715606.312143000 -1.35437 -0.435325 -0.306933 0.580899 0.0194195 0.813548 -0.0178669
1403715606.462143000 -1.31986 -0.406177 -0.323911 0.581193 0.0216 0.813415 -0.0101848
1403715606.562143000 -1.29642 -0.390746 -0.325326 0.582934 0.0221865 0.8122 -0.00514428
1403715606.812143000 -1.24626 -0.364624 -0.336918 0.588491 0.0264438 0.807963 0.0131869
1403715606.962143000 -1.21888 -0.362891 -0.357348 0.599229 0.0165058 0.800402 0.00297026
1403715607.162143000 -1.2025 -0.368296 -0.388847 0.591924 0.00256848 0.80588 -0.0132634
1403715607.312143000 -1.19468 -0.365377 -0.40963 0.58741 0.000137586 0.809138 -0.0156509
1403715607.412143000 -1.19413 -0.361875 -0.417892 0.588657 0.000517589 0.808236 -0.0154009
1403715607.562143000 -1.19769 -0.354606 -0.428471 0.587799 0.000285635 0.808811 -0.0178178
1403715607.712143000 -1.21049 -0.341627 -0.433533 0.586742 0.00171393 0.809529 -0.0198526
1403715607.812143000 -1.21914 -0.32846 -0.439901 0.585538 0.00402415 0.810407 -0.0192384
1403715607.862143000 -1.22484 -0.322271 -0.444778 0.584683 0.00664169 0.811066 -0.0165329
1403715608.162143000 -1.23485 -0.318637 -0.457426 0.58201 -0.00319723 0.812891 -0.0214832
1403715608.562143000 -1.23202 -0.317562 -0.464564 0.582725 -0.00248628 0.812396 -0.020927
1403715608.712143000 -1.22966 -0.317147 -0.464251 0.582337 -0.00238884 0.812683 -0.0206243
1403715608.862143000 -1.23142 -0.317403 -0.464188 0.582245 -0.00231768 0.812748 -0.0206301
1403715609.062143000 -1.23463 -0.317182 -0.463764 0.582434 -0.0021714 0.812617 -0.0204591
1403715609.212143000 -1.23442 -0.314966 -0.464079 0.582449 -0.00197154 0.812608 -0.0204311
1403715609.362143000 -1.23729 -0.315746 -0.462734 0.582241 -0.00179772 0.812759 -0.0203905
