0.000000000 -0.424 0.163 0 0.99996 0 0 0.00891851
0.000000000 -0.427 0.161 0 0.999956 0 0 0.00938973
0.000000000 -0.425 0.163 0 0.999957 0 0 0.00930247
0.000000000 -0.424 0.163 0 0.999956 0 0 0.00936355
0.000000000 -0.419 0.161 0 0.999953 0 0 0.00966025
0.000000000 -0.42 0.155 0 0.999951 0 0 0.00993076
0.000000000 -0.423 0.159 0 0.999957 0 0 0.00931992
0.000000000 -0.422 0.16 0 0.999954 0 0 0.00959916
0.000000000 -0.423 0.162 0 0.999955 0 0 0.00945954
0.000000000 -0.423 0.156 0 0.999953 0 0 0.00973878
0.000000000 -0.419 0.156 0 0.999951 0 0 0.00986095
0.000000000 -0.414 0.155 0 0.999949 0 0 0.0100878
0.000000000 -0.42 0.164 0 0.99996 0 0 0.00895342
0.000000000 -0.415 0.156 0 0.999945 0 0 0.0105241
0.000000000 -0.418 0.156 0 0.999951 0 0 0.0098784
0.000000000 -0.422 0.156 0 0.999952 0 0 0.00978241
0.000000000 -0.417 0.159 0 0.999952 0 0 0.00980859
0.000000000 -0.424 0.16 0 0.999954 0 0 0.00955553
0.000000000 -0.419 0.159 0 0.999952 0 0 0.00974751
0.000000000 -0.424 0.158 0 0.999954 0 0 0.00959044
0.000000000 -0.423 0.155 0 0.999952 0 0 0.00981732
0.000000000 -0.422 0.163 0 0.999958 0 0 0.0091803
0.000000000 -0.421 0.156 0 0.999949 0 0 0.0101402
0.000000000 -0.42 0.154 0 0.999951 0 0 0.00990458
0.000000000 -0.413 0.151 0 0.999942 0 0 0.0107336
0.000000000 -0.421 0.172 0 0.999962 0 0 0.00874399
0.000000000 -0.418 0.163 0 0.999954 0 0 0.00957298
0.000000000 -0.421 0.161 0 0.999954 0 0 0.00957298
0.000000000 -0.425 0.169 0 0.999963 0 0 0.00862182
0.000000000 -0.422 0.161 0 0.999951 0 0 0.00993949
0.000000000 -0.417 0.143 0 0.999942 0 0 0.0107597
0.000000000 -0.423 0.17 0 0.999961 0 0 0.0088138
0.000000000 -0.418 0.145 0 0.999943 0 0 0.0106725
0.000000000 -0.422 0.169 0 0.999961 0 0 0.00886616
0.000000000 -0.422 0.161 0 0.999954 0 0 0.00956426
0.000000000 -0.421 0.161 0 0.999955 0 0 0.00952063
0.000000000 -0.42 0.156 0 0.999949 0 0 0.0101053
0.000000000 -0.42 0.161 0 0.999954 0 0 0.00957298
0.000000000 -0.42 0.158 0 0.999952 0 0 0.00975624
0.000000000 -0.418 0.155 0 0.99995 0 0 0.0100006
0.000000000 -0.413 0.149 0 0.999942 0 0 0.0107685
0.000000000 -0.418 0.171 0 0.99996 0 0 0.00896215
0.000000000 -0.42 0.154 0 0.999947 0 0 0.0103147
0.000000000 -0.418 0.152 0 0.999949 0 0 0.0101053
0.000000000 -0.42 0.161 0 0.999957 0 0 0.00930247
0.000000000 -0.426 0.168 0 0.999962 0 0 0.00870908
0.000000000 -0.427 0.167 0 0.999959 0 0 0.00904941
0.000000000 -0.422 0.159 0 0.99995 0 0 0.00998312
0.000000000 -0.415 0.154 0 0.999945 0 0 0.0104718
0.000000000 -0.418 0.154 0 0.99995 0 0 0.00997439
0.000000000 -0.417 0.149 0 0.999947 0 0 0.0102885
0.000000000 -0.42 0.166 0 0.999957 0 0 0.00927629
0.000000000 -0.414 0.153 0 0.999943 0 0 0.010655
0.000000000 -0.422 0.156 0 0.999956 0 0 0.00942464
0.000000000 -0.425 0.165 0 0.99996 0 0 0.00890106
0.000000000 -0.407 0.142 0 0.999939 0 0 0.0110652
0.000000000 -0.42 0.158 0 0.999949 0 0 0.0100878
0.000000000 -0.421 0.154 0 0.999951 0 0 0.00989586
0.000000000 -0.418 0.159 0 0.999952 0 0 0.00979114
0.000000000 -0.417 0.159 0 0.999952 0 0 0.00979114
0.000000000 -0.422 0.16 0 0.999954 0 0 0.00957298
0.000000000 -0.414 0.139 0 0.999938 0 0 0.0111437
0.000000000 -0.42 0.169 0 0.99996 0 0 0.00891851
0.000000000 -0.422 0.165 0 0.999956 0 0 0.00938101
0.000000000 -0.418 0.147 0 0.999945 0 0 0.0104456
0.000000000 -0.414 0.153 0 0.999948 0 0 0.01021
0.000000000 -0.417 0.164 0 0.999954 0 0 0.00957298
0.000000000 -0.422 0.146 0 0.999949 0 0 0.0101227
0.000000000 -0.416 0.157 0 0.999951 0 0 0.00993076
0.000000000 -0.415 0.155 0 0.999949 0 0 0.0100878
0.000000000 -0.419 0.16 0 0.999956 0 0 0.00938101
0.000000000 -0.421 0.162 0 0.999955 0 0 0.00953808
0.000000000 -0.423 0.161 0 0.999955 0 0 0.0095119
0.000000000 -0.421 0.156 0 0.999949 0 0 0.0100791
0.000000000 -0.422 0.16 0 0.999955 0 0 0.00953808
0.000000000 -0.422 0.165 0 0.999956 0 0 0.0093461
0.000000000 -0.418 0.158 0 0.999949 0 0 0.0101315
0.000000000 -0.42 0.159 0 0.999953 0 0 0.0096777
0.000000000 -0.422 0.159 0 0.999954 0 0 0.00963407
0.000000000 -0.418 0.157 0 0.999951 0 0 0.00986095
0.000000000 -0.42 0.153 0 0.99995 0 0 0.0100006
0.000000000 -0.422 0.158 0 0.999956 0 0 0.00942464
0.000000000 -0.425 0.162 0 0.999956 0 0 0.00942464
0.000000000 -0.415 0.152 0 0.999942 0 0 0.0107685
0.000000000 -0.421 0.158 0 0.999957 0 0 0.00930247
0.000000000 -0.424 0.16 0 0.999954 0 0 0.00958171
0.000000000 -0.427 0.16 0 0.999956 0 0 0.00936355
0.000000000 -0.41 0.164 0 0.999955 0 0 0.00952063
0.000000000 -0.421 0.156 0 0.999949 0 0 0.0100966
0.000000000 -0.42 0.16 0 0.999954 0 0 0.00960789
0.000000000 -0.423 0.157 0 0.999953 0 0 0.00969515
0.000000000 -0.427 0.164 0 0.99996 0 0 0.00889234
0.000000000 -0.426 0.164 0 0.999957 0 0 0.00922393
0.000000000 -0.419 0.158 0 0.999949 0 0 0.0100966
0.000000000 -0.426 0.167 0 0.999963 0 0 0.00856074
0.000000000 -0.424 0.161 0 0.999951 0 0 0.00988713
0.000000000 -0.426 0.166 0 0.999962 0 0 0.00874399
0.000000000 -0.419 0.158 0 0.999947 0 0 0.0103147
0.000000000 -0.42 0.162 0 0.999955 0 0 0.00949445
0.000000000 -0.421 0.164 0 0.999956 0 0 0.00938101
0.000000000 -0.42 0.16 0 0.999954 0 0 0.00963407
0.000000000 -0.423 0.163 0 0.999956 0 0 0.00939846
0.000000000 -0.421 0.159 0 0.999954 0 0 0.00961662
0.000000000 -0.415 0.156 0 0.999947 0 0 0.0102885
0.000000000 -0.423 0.154 0 0.999952 0 0 0.00979114
0.000000000 -0.419 0.158 0 0.999952 0 0 0.00978241
0.000000000 -0.418 0.154 0 0.99995 0 0 0.0100006
0.000000000 -0.424 0.158 0 0.999956 0 0 0.00938973
0.000000000 -0.422 0.156 0 0.999952 0 0 0.00979987
0.000000000 -0.425 0.158 0 0.999954 0 0 0.00958171
0.000000000 -0.421 0.158 0 0.999953 0 0 0.00972133
0.000000000 -0.419 0.164 0 0.999955 0 0 0.009477
0.000000000 -0.419 0.157 0 0.999948 0 0 0.0101489
0.000000000 -0.42 0.163 0 0.999958 0 0 0.00915412
0.000000000 -0.415 0.154 0 0.999943 0 0 0.0107161
0.000000000 -0.417 0.155 0 0.999951 0 0 0.00993076
0.000000000 -0.415 0.157 0 0.999951 0 0 0.00992203
0.000000000 -0.416 0.166 0 0.999957 0 0 0.0093112
0.000000000 -0.417 0.166 0 0.999957 0 0 0.00924139
0.000000000 -0.417 0.157 0 0.999948 0 0 0.0102013
0.000000000 -0.425 0.161 0 0.999959 0 0 0.00908431
0.000000000 -0.416 0.154 0 0.999944 0 0 0.010594
0.000000000 -0.415 0.154 0 0.999949 0 0 0.0101053
0.000000000 -0.424 0.182 0 0.999966 0 0 0.00819423
0.000000000 -0.417 0.148 0 0.999944 0 0 0.0105503
0.000000000 -0.413 0.161 0 0.999952 0 0 0.00979114
0.000000000 -0.437 0.162 0 0.99996 0 0 0.00893597
0.000000000 -0.423 0.163 0 0.999956 0 0 0.00935483
0.000000000 -0.424 0.169 0 0.999959 0 0 0.00908431
0.000000000 -0.421 0.161 0 0.999955 0 0 0.00952935
0.000000000 -0.415 0.152 0 0.999942 0 0 0.010751
0.000000000 -0.416 0.153 0 0.999949 0 0 0.0101053
0.000000000 -0.419 0.161 0 0.999957 0 0 0.00925884
0.000000000 -0.424 0.161 0 0.999955 0 0 0.00949445
0.000000000 -0.421 0.155 0 0.999949 0 0 0.0100704
0.000000000 -0.42 0.158 0 0.999953 0 0 0.0097126
0.000000000 -0.417 0.153 0 0.999946 0 0 0.0103583
0.000000000 -0.419 0.157 0 0.999948 0 0 0.0101838
0.000000000 -0.422 0.161 0 0.999957 0 0 0.00930247
0.000000000 -0.42 0.161 0 0.999954 0 0 0.00961662
0.000000000 -0.415 0.154 0 0.999945 0 0 0.0105154
0.000000000 -0.425 0.163 0 0.999962 0 0 0.00866545
0.000000000 -0.422 0.154 0 0.999945 0 0 0.0104456
0.000000000 -0.419 0.16 0 0.999956 0 0 0.00936355
0.000000000 -0.419 0.158 0 0.999951 0 0 0.00985222
0.000000000 -0.423 0.158 0 0.999953 0 0 0.00965152
0.000000000 -0.423 0.17 0 0.999962 0 0 0.00873526
0.000000000 -0.419 0.154 0 0.999945 0 0 0.0104631
0.000000000 -0.417 0.156 0 0.999951 0 0 0.00989586
0.000000000 -0.422 0.159 0 0.999954 0 0 0.00962534
0.000000000 -0.416 0.155 0 0.999947 0 0 0.0103409
0.000000000 -0.417 0.161 0 0.999956 0 0 0.00942464
0.000000000 -0.418 0.152 0 0.999945 0 0 0.010498
0.000000000 -0.421 0.159 0 0.999958 0 0 0.00917158
0.000000000 -0.421 0.158 0 0.999953 0 0 0.0097126
0.000000000 -0.416 0.156 0 0.99995 0 0 0.0100006
0.000000000 -0.417 0.157 0 0.999951 0 0 0.00992203
0.000000000 -0.419 0.157 0 0.999952 0 0 0.00982605
0.000000000 -0.422 0.161 0 0.999955 0 0 0.00952063
0.000000000 -0.422 0.159 0 0.999953 0 0 0.00965152
0.000000000 -0.425 0.157 0 0.999954 0 0 0.00963407
0.000000000 -0.404 0.155 0 0.999944 0 0 0.0105416
0.000000000 -0.441 0.159 0 0.999961 0 0 0.00888361
0.000000000 -0.404 0.159 0 0.999949 0 0 0.0100966
0.000000000 -0.422 0.16 0 0.999954 0 0 0.00963407
0.000000000 -0.426 0.162 0 0.999959 0 0 0.00904941
0.000000000 -0.417 0.144 0 0.999942 0 0 0.0108034
0.000000000 -0.422 0.157 0 0.999956 0 0 0.00938973
0.000000000 -0.419 0.155 0 0.999951 0 0 0.00993949
0.000000000 -0.416 0.151 0 0.999948 0 0 0.0102275
0.000000000 -0.436 0.169 0 0.999963 0 0 0.00858691
0.000000000 -0.419 0.156 0 0.999946 0 0 0.0103583
0.000000000 -0.424 0.158 0 0.999954 0 0 0.00960789
0.000000000 -0.425 0.16 0 0.999956 0 0 0.00943336
0.000000000 -0.422 0.159 0 0.999954 0 0 0.00960789
0.000000000 -0.419 0.159 0 0.999953 0 0 0.00969515
0.000000000 -0.418 0.153 0 0.999946 0 0 0.0103583
0.000000000 -0.424 0.159 0 0.999958 0 0 0.0091803
0.000000000 -0.421 0.16 0 0.999953 0 0 0.0096777
0.000000000 -0.417 0.156 0 0.999951 0 0 0.00993076
0.000000000 -0.42 0.156 0 0.999952 0 0 0.00981732
0.000000000 -0.418 0.151 0 0.999946 0 0 0.0104369
0.000000000 -0.411 0.153 0 0.999947 0 0 0.0102798
0.000000000 -0.43 0.159 0 0.999958 0 0 0.00920648
0.000000000 -0.425 0.165 0 0.99996 0 0 0.00890979
0.000000000 -0.42 0.156 0 0.999946 0 0 0.0104194
0.000000000 -0.416 0.159 0 0.999952 0 0 0.00977369
0.000000000 -0.421 0.158 0 0.999953 0 0 0.00966897
0.000000000 -0.421 0.156 0 0.999952 0 0 0.00976496
0.000000000 -0.421 0.161 0 0.999955 0 0 0.0095119
0.000000000 -0.418 0.157 0 0.999949 0 0 0.0100791
0.000000000 -0.414 0.15 0 0.999943 0 0 0.0107074
0.000000000 -0.433 0.176 0 0.999965 0 0 0.00833385
0.000000000 -0.421 0.157 0 0.999948 0 0 0.01021
0.000000000 -0.419 0.156 0 0.999952 0 0 0.00980859
0.000000000 -0.426 0.16 0 0.999958 0 0 0.00916285
0.000000000 -0.421 0.16 0 0.999954 0 0 0.00959044
0.000000000 -0.429 0.163 0 0.99996 0 0 0.00890106
0.000000000 -0.421 0.16 0 0.99995 0 0 0.00998312
0.000000000 -0.417 0.162 0 0.999954 0 0 0.00960789
0.000000000 -0.415 0.157 0 0.999948 0 0 0.01021
0.000000000 -0.416 0.157 0 0.999951 0 0 0.00993949
0.000000000 -0.424 0.162 0 0.99996 0 0 0.00898832
0.000000000 -0.42 0.155 0 0.999947 0 0 0.0103147
0.000000000 -0.427 0.177 0 0.999966 0 0 0.00826404
0.000000000 -0.41 0.144 0 0.99994 0 0 0.0109604
0.000000000 -0.425 0.175 0 0.999964 0 0 0.00842984
0.000000000 -0.421 0.158 0 0.999947 0 0 0.0102624
0.000000000 -0.417 0.155 0 0.999951 0 0 0.00993949
0.000000000 -0.42 0.162 0 0.999957 0 0 0.0093112
0.000000000 -0.424 0.159 0 0.999954 0 0 0.00962534
0.000000000 -0.42 0.156 0 0.999951 0 0 0.0098784
0.000000000 -0.425 0.163 0 0.99996 0 0 0.00893597
0.000000000 -0.417 0.157 0 0.999946 0 0 0.0103496
0.000000000 -0.416 0.155 0 0.99995 0 0 0.0100355
0.000000000 -0.419 0.164 0 0.999959 0 0 0.00907559
0.000000000 -0.413 0.135 0 0.999935 0 0 0.0114404
0.000000000 -0.419 0.174 0 0.999962 0 0 0.00870908
0.000000000 -0.419 0.156 0 0.999947 0 0 0.0102536
0.000000000 -0.422 0.156 0 0.999952 0 0 0.00979987
0.000000000 -0.424 0.16 0 0.999955 0 0 0.0095119
0.000000000 -0.421 0.158 0 0.999953 0 0 0.00973878
0.000000000 -0.419 0.153 0 0.999949 0 0 0.0100529
0.000000000 -0.422 0.154 0 0.999951 0 0 0.00990458
0.000000000 -0.418 0.154 0 0.99995 0 0 0.0100355
0.000000000 -0.419 0.163 0 0.999958 0 0 0.00918903
0.000000000 -0.424 0.159 0 0.999954 0 0 0.00957298
0.000000000 -0.423 0.159 0 0.999954 0 0 0.00962534
0.000000000 -0.423 0.158 0 0.999953 0 0 0.00969515
0.000000000 -0.421 0.163 0 0.999956 0 0 0.00938973
0.000000000 -0.423 0.163 0 0.999956 0 0 0.00937228
0.000000000 -0.423 0.162 0 0.999955 0 0 0.00945082
0.000000000 -0.427 0.167 0 0.999961 0 0 0.00880507
0.000000000 -0.419 0.163 0 0.999951 0 0 0.00990458
0.000000000 -0.416 0.157 0 0.999948 0 0 0.0101838
0.000000000 -0.421 0.162 0 0.999957 0 0 0.00927629
0.000000000 -0.418 0.16 0 0.999953 0 0 0.00965152
0.000000000 -0.412 0.165 0 0.999955 0 0 0.00944209
0.000000000 -0.375 0.159 0 0.999945 0 0 0.0104631
0.000000000 -0.363 0.162 0 0.999946 0 0 0.0103496
0.000000000 -0.328 0.159 0 0.999934 0 0 0.0115276
0.000000000 -0.318 0.159 0 0.999933 0 0 0.0115975
0.000000000 -0.295 0.157 0 0.999923 0 0 0.0124439
0.000000000 -0.28 0.158 0 0.999936 0 0 0.0113269
0.000000000 -0.261 0.163 0 0.999921 0 0 0.0125486
0.000000000 -0.242 0.164 0 0.999922 0 0 0.0124526
0.000000000 -0.231 0.16 0 0.999921 0 0 0.0125573
0.000000000 -0.235 0.181 0 0.999924 0 0 0.0123304
0.000000000 -0.197 0.165 0 0.999903 0 0 0.0139622
0.000000000 -0.175 0.166 0 0.999911 0 0 0.0133165
0.000000000 -0.184 0.186 0 0.99992 0 0 0.0126533
0.000000000 -0.164 0.178 0 0.999903 0 0 0.0139186
0.000000000 -0.142 0.184 0 0.999931 0 0 0.011772
0.000000000 -0.149 0.182 0 0.999908 0 0 0.013587
0.000000000 -0.095 0.179 0 0.999878 0 0 0.0155939
0.000000000 -0.1 0.176 0 0.99988 0 0 0.0154979
0.000000000 -0.082 0.176 0 0.999904 0 0 0.0138575
0.000000000 -0.068 0.178 0 0.999881 0 0 0.0154281
0.000000000 -0.049 0.177 0 0.999871 0 0 0.0160476
0.000000000 -0.054 0.182 0 0.999894 0 0 0.0145904
0.000000000 -0.036 0.177 0 0.999889 0 0 0.0148958
0.000000000 -0.018 0.178 0 0.999875 0 0 0.0158295
0.000000000 -0.003 0.177 0 0.999879 0 0 0.0155241
0.000000000 -0.004 0.182 0 0.999894 0 0 0.0145294
0.000000000 0.022 0.179 0 0.999858 0 0 0.0168329
0.000000000 0.032 0.169 0 0.99984 0 0 0.0179148
0.000000000 0.017 0.207 0 0.999899 0 0 0.0141891
0.000000000 0.061 0.183 0 0.999855 0 0 0.017051
0.000000000 0.06 0.187 0 0.999866 0 0 0.0163443
0.000000000 0.081 0.177 0 0.999835 0 0 0.0181679
0.000000000 0.078 0.184 0 0.99985 0 0 0.017339
0.000000000 0.104 0.19 0 0.999862 0 0 0.0166235
0.000000000 0.113 0.183 0 0.999835 0 0 0.0181679
0.000000000 0.129 0.185 0 0.99984 0 0 0.0178887
0.000000000 0.138 0.189 0 0.999842 0 0 0.0177752
0.000000000 0.172 0.181 0 0.999809 0 0 0.019529
0.000000000 0.177 0.19 0 0.999833 0 0 0.0182726
0.000000000 0.188 0.186 0 0.999818 0 0 0.0191015
0.000000000 0.211 0.182 0 0.999821 0 0 0.0189357
0.000000000 0.217 0.186 0 0.999816 0 0 0.0191974
0.000000000 0.233 0.169 0 0.999788 0 0 0.020576
0.000000000 0.246 0.178 0 0.99982 0 0 0.0189793
0.000000000 0.257 0.183 0 0.999847 0 0 0.0175135
0.000000000 0.276 0.18 0 0.9998 0 0 0.0199914
0.000000000 0.288 0.184 0 0.999802 0 0 0.0198867
0.000000000 0.287 0.184 0 0.999813 0 0 0.0193458
0.000000000 0.304 0.188 0 0.999844 0 0 0.0176531
0.000000000 0.326 0.184 0 0.999796 0 0 0.0201921
0.000000000 0.333 0.183 0 0.999787 0 0 0.0206196
0.000000000 0.349 0.186 0 0.999785 0 0 0.020733
0.000000000 0.361 0.186 0 0.99982 0 0 0.0189531
0.000000000 0.361 0.189 0 0.999783 0 0 0.0208552
0.000000000 0.382 0.194 0 0.999797 0 0 0.020131
0.000000000 0.416 0.185 0 0.999789 0 0 0.0205498
0.000000000 0.411 0.189 0 0.999787 0 0 0.0206545
0.000000000 0.445 0.192 0 0.999766 0 0 0.0216404
0.000000000 0.438 0.192 0 0.999773 0 0 0.0213001
0.000000000 0.465 0.19 0 0.999767 0 0 0.0215706
0.000000000 0.462 0.194 0 0.99976 0 0 0.0218934
0.000000000 0.49 0.197 0 0.999745 0 0 0.0226001
0.000000000 0.485 0.19 0 0.999733 0 0 0.0231236
0.000000000 0.493 0.191 0 0.999762 0 0 0.0218236
0.000000000 0.516 0.19 0 0.999722 0 0 0.0235598
0.000000000 0.526 0.188 0 0.999722 0 0 0.0235947
0.000000000 0.543 0.186 0 0.999704 0 0 0.0243188
0.000000000 0.535 0.193 0 0.999742 0 0 0.0227048
0.000000000 0.572 0.189 0 0.999682 0 0 0.0252348
0.000000000 0.563 0.194 0 0.99971 0 0 0.0240832
0.000000000 0.592 0.195 0 0.999675 0 0 0.025479
0.000000000 0.614 0.194 0 0.999674 0 0 0.0255401
0.000000000 0.641 0.194 0 0.999658 0 0 0.0261421
0.000000000 0.66 0.189 0 0.999621 0 0 0.0275116
0.000000000 0.655 0.196 0 0.999644 0 0 0.0266829
0.000000000 0.673 0.2 0 0.999637 0 0 0.0269359
0.000000000 0.686 0.2 0 0.99959 0 0 0.0286195
0.000000000 0.688 0.201 0 0.999658 0 0 0.0261595
0.000000000 0.712 0.201 0 0.999587 0 0 0.0287242
0.000000000 0.728 0.202 0 0.999605 0 0 0.0280961
0.000000000 0.727 0.204 0 0.999582 0 0 0.0289074
0.000000000 0.756 0.203 0 0.999592 0 0 0.0285672
0.000000000 0.773 0.207 0 0.999599 0 0 0.0283142
0.000000000 0.79 0.208 0 0.999563 0 0 0.0295616
0.000000000 0.802 0.206 0 0.999635 0 0 0.0270231
0.000000000 0.817 0.206 0 0.999561 0 0 0.0296314
0.000000000 0.816 0.208 0 0.999581 0 0 0.0289597
0.000000000 0.845 0.209 0 0.99954 0 0 0.0303204
0.000000000 0.853 0.209 0 0.999564 0 0 0.029518
0.000000000 0.854 0.212 0 0.999562 0 0 0.0295877
0.000000000 0.875 0.211 0 0.999537 0 0 0.0304164
0.000000000 0.889 0.217 0 0.999552 0 0 0.0299192
0.000000000 0.9 0.211 0 0.999502 0 0 0.031559
0.000000000 0.911 0.215 0 0.999522 0 0 0.0309223
0.000000000 0.913 0.215 0 0.999517 0 0 0.031088
0.000000000 0.942 0.214 0 0.999511 0 0 0.0312799
0.000000000 0.952 0.215 0 0.999488 0 0 0.0320039
0.000000000 0.95 0.217 0 0.999522 0 0 0.0309049
0.000000000 0.974 0.214 0 0.999488 0 0 0.0320039
0.000000000 0.994 0.216 0 0.99949 0 0 0.0319341
0.000000000 0.988 0.221 0 0.999519 0 0 0.0310183
0.000000000 1.018 0.222 0 0.999482 0 0 0.0321958
0.000000000 1.012 0.222 0 0.999487 0 0 0.03203
0.000000000 1.044 0.225 0 0.999527 0 0 0.0307391
0.000000000 1.058 0.208 0 0.99941 0 0 0.0343588
0.000000000 1.065 0.234 0 0.999478 0 0 0.0322917
0.000000000 1.079 0.219 0 0.999393 0 0 0.0348384
0.000000000 1.08 0.227 0 0.999534 0 0 0.0305123
0.000000000 1.112 0.228 0 0.999467 0 0 0.0326493
0.000000000 1.129 0.227 0 0.999432 0 0 0.0336959
0.000000000 1.142 0.229 0 0.999471 0 0 0.0325272
0.000000000 1.166 0.227 0 0.999441 0 0 0.033443
0.000000000 1.181 0.225 0 0.999455 0 0 0.0330069
0.000000000 1.178 0.231 0 0.999535 0 0 0.0304775
0.000000000 1.196 0.23 0 0.999475 0 0 0.0323876
0.000000000 1.207 0.234 0 0.999494 0 0 0.0318033
0.000000000 1.226 0.229 0 0.999437 0 0 0.0335389
0.000000000 1.232 0.233 0 0.999508 0 0 0.0313671
0.000000000 1.25 0.234 0 0.999433 0 0 0.0336698
0.000000000 1.247 0.237 0 0.999462 0 0 0.0327889
0.000000000 1.266 0.237 0 0.999439 0 0 0.0334866
0.000000000 1.279 0.234 0 0.999491 0 0 0.0319079
0.000000000 1.279 0.237 0 0.999431 0 0 0.0337308
0.000000000 1.304 0.237 0 0.999473 0 0 0.0324749
0.000000000 1.3 0.236 0 0.999462 0 0 0.0327976
0.000000000 1.323 0.239 0 0.999505 0 0 0.0314718
0.000000000 1.35 0.231 0 0.99942 0 0 0.0340535
0.000000000 1.342 0.24 0 0.999459 0 0 0.0329022
0.000000000 1.371 0.236 0 0.999438 0 0 0.0335302
0.000000000 1.381 0.24 0 0.999482 0 0 0.0321783
0.000000000 1.38 0.24 0 0.999468 0 0 0.0326144
0.000000000 1.398 0.242 0 0.999458 0 0 0.0329284
0.000000000 1.425 0.243 0 0.999454 0 0 0.0330505
0.000000000 1.44 0.24 0 0.999403 0 0 0.0345419
0.000000000 1.435 0.242 0 0.999455 0 0 0.0329982
0.000000000 1.444 0.247 0 0.999447 0 0 0.0332424
0.000000000 1.466 0.248 0 0.99951 0 0 0.0313148
0.000000000 1.481 0.242 0 0.999398 0 0 0.0346815
0.000000000 1.49 0.247 0 0.999465 0 0 0.0327016
0.000000000 1.515 0.246 0 0.999388 0 0 0.034978
0.000000000 1.506 0.243 0 0.999512 0 0 0.031245
0.000000000 1.524 0.244 0 0.999452 0 0 0.0331116
0.000000000 1.54 0.253 0 0.999496 0 0 0.0317335
0.000000000 1.554 0.246 0 0.999482 0 0 0.0321958
0.000000000 1.565 0.249 0 0.999526 0 0 0.0307915
0.000000000 1.579 0.249 0 0.999471 0 0 0.0325272
0.000000000 1.592 0.251 0 0.999489 0 0 0.0319603
0.000000000 1.603 0.252 0 0.999471 0 0 0.0325185
0.000000000 1.603 0.253 0 0.99951 0 0 0.0313061
0.000000000 1.63 0.25 0 0.999452 0 0 0.0331028
0.000000000 1.625 0.26 0 0.999478 0 0 0.0323179
0.000000000 1.657 0.255 0 0.99945 0 0 0.0331639
0.000000000 1.665 0.254 0 0.999486 0 0 0.0320562
0.000000000 1.665 0.254 0 0.999449 0 0 0.0331988
0.000000000 1.691 0.257 0 0.999459 0 0 0.0328935
0.000000000 1.686 0.259 0 0.999465 0 0 0.0326929
0.000000000 1.719 0.256 0 0.999464 0 0 0.0327365
0.000000000 1.714 0.261 0 0.99946 0 0 0.0328499
0.000000000 1.723 0.26 0 0.999466 0 0 0.0326755
0.000000000 1.749 0.258 0 0.99943 0 0 0.0337483
0.000000000 1.758 0.261 0 0.99952 0 0 0.0309921
0.000000000 1.775 0.26 0 0.999435 0 0 0.0336174
0.000000000 1.774 0.26 0 0.999467 0 0 0.032658
0.000000000 1.796 0.267 0 0.999458 0 0 0.0329197
0.000000000 1.817 0.259 0 0.99946 0 0 0.0328674
0.000000000 1.824 0.259 0 0.99945 0 0 0.0331639
0.000000000 1.822 0.269 0 0.999494 0 0 0.0317945
0.000000000 1.85 0.266 0 0.999479 0 0 0.032283
0.000000000 1.848 0.264 0 0.999484 0 0 0.032126
0.000000000 1.87 0.267 0 0.999484 0 0 0.0321347
0.000000000 1.882 0.265 0 0.999478 0 0 0.0323091
0.000000000 1.896 0.272 0 0.999528 0 0 0.030713
0.000000000 1.888 0.29 0 0.999556 0 0 0.0297971
0.000000000 1.937 0.257 0 0.999492 0 0 0.0318643
0.000000000 1.919 0.275 0 0.999549 0 0 0.0300239
0.000000000 1.928 0.298 0 0.999662 0 0 0.025985
0.000000000 1.947 0.283 0 0.999556 0 0 0.0297884
0.000000000 1.967 0.279 0 0.999558 0 0 0.0297273
0.000000000 1.978 0.283 0 0.999567 0 0 0.029422
0.000000000 1.99 0.286 0 0.999614 0 0 0.0277821
0.000000000 1.991 0.291 0 0.999569 0 0 0.0293609
0.000000000 2.013 0.286 0 0.999552 0 0 0.0299454
0.000000000 2.028 0.288 0 0.99954 0 0 0.0303379
0.000000000 2.044 0.289 0 0.99961 0 0 0.0279216
0.000000000 2.051 0.295 0 0.999581 0 0 0.0289335
0.000000000 2.068 0.276 0 0.999533 0 0 0.0305472
0.000000000 2.068 0.305 0 0.999582 0 0 0.0289074
0.000000000 2.086 0.27 0 0.999561 0 0 0.0296226
0.000000000 2.1 0.286 0 0.999552 0 0 0.0299366
0.000000000 2.095 0.296 0 0.999592 0 0 0.0285584
0.000000000 2.126 0.294 0 0.999544 0 0 0.0301896
0.000000000 2.131 0.3 0 0.999654 0 0 0.0263165
0.000000000 2.154 0.292 0 0.999538 0 0 0.030399
0.000000000 2.15 0.294 0 0.999577 0 0 0.0290993
0.000000000 2.172 0.3 0 0.999569 0 0 0.0293435
0.000000000 2.182 0.281 0 0.999593 0 0 0.028541
0.000000000 2.202 0.292 0 0.999555 0 0 0.0298145
0.000000000 2.211 0.293 0 0.999592 0 0 0.0285584
0.000000000 2.236 0.289 0 0.999581 0 0 0.028951
0.000000000 2.241 0.291 0 0.99959 0 0 0.0286457
0.000000000 2.255 0.298 0 0.999596 0 0 0.0284189
0.000000000 2.269 0.295 0 0.99959 0 0 0.0286369
0.000000000 2.268 0.299 0 0.999638 0 0 0.0269185
0.000000000 2.324 0.298 0 0.999562 0 0 0.0296052
0.000000000 2.31 0.302 0 0.999612 0 0 0.0278431
0.000000000 2.333 0.285 0 0.999584 0 0 0.0288463
0.000000000 2.332 0.297 0 0.999669 0 0 0.0257146
0.000000000 2.356 0.296 0 0.999601 0 0 0.0282618
0.000000000 2.369 0.298 0 0.999619 0 0 0.0276076
0.000000000 2.385 0.297 0 0.999611 0 0 0.027878
0.000000000 2.395 0.296 0 0.999595 0 0 0.0284712
0.000000000 2.405 0.296 0 0.999594 0 0 0.0284974
0.000000000 2.422 0.301 0 0.999571 0 0 0.0292999
0.000000000 2.42 0.304 0 0.999587 0 0 0.0287329
0.000000000 2.452 0.297 0 0.999571 0 0 0.0292824
0.000000000 2.448 0.297 0 0.999556 0 0 0.0297971
0.000000000 2.451 0.299 0 0.999595 0 0 0.0284712
0.000000000 2.479 0.3 0 0.999542 0 0 0.0302681
0.000000000 2.475 0.304 0 0.999614 0 0 0.0277646
0.000000000 2.497 0.304 0 0.99957 0 0 0.0293261
0.000000000 2.507 0.305 0 0.999556 0 0 0.0297971
0.000000000 2.521 0.304 0 0.999548 0 0 0.03005
0.000000000 2.537 0.304 0 0.999588 0 0 0.0287154
0.000000000 2.553 0.304 0 0.999522 0 0 0.0309136
0.000000000 2.548 0.306 0 0.99955 0 0 0.0299803
0.000000000 2.585 0.303 0 0.999495 0 0 0.0317858
0.000000000 2.573 0.306 0 0.999572 0 0 0.0292388
0.000000000 2.613 0.311 0 0.999502 0 0 0.0315503
0.000000000 2.628 0.307 0 0.999521 0 0 0.0309572
0.000000000 2.654 0.31 0 0.999518 0 0 0.0310444
0.000000000 2.665 0.313 0 0.99951 0 0 0.0313061
0.000000000 2.666 0.312 0 0.999508 0 0 0.0313497
0.000000000 2.673 0.314 0 0.999508 0 0 0.0313759
0.000000000 2.696 0.317 0 0.999467 0 0 0.032658
0.000000000 2.715 0.315 0 0.999427 0 0 0.0338616
0.000000000 2.725 0.318 0 0.999489 0 0 0.0319777
0.000000000 2.739 0.316 0 0.999445 0 0 0.0333034
0.000000000 2.762 0.324 0 0.999419 0 0 0.034071
0.000000000 2.781 0.316 0 0.999421 0 0 0.0340186
0.000000000 2.777 0.323 0 0.999371 0 0 0.0354664
0.000000000 2.804 0.321 0 0.999356 0 0 0.0358763
0.000000000 2.828 0.327 0 0.99936 0 0 0.0357803
0.000000000 2.843 0.321 0 0.999233 0 0 0.0391465
0.000000000 2.841 0.326 0 0.999321 0 0 0.036853
0.000000000 2.862 0.328 0 0.999244 0 0 0.0388674
0.000000000 2.876 0.326 0 0.999298 0 0 0.0374547
0.000000000 2.893 0.326 0 0.9992 0 0 0.0399836
0.000000000 2.917 0.328 0 0.999169 0 0 0.0407596
0.000000000 2.924 0.331 0 0.999239 0 0 0.0389982
0.000000000 2.937 0.331 0 0.999134 0 0 0.0416141
0.000000000 2.958 0.333 0 0.999159 0 0 0.0410125
0.000000000 2.954 0.331 0 0.999111 0 0 0.0421459
0.000000000 2.978 0.337 0 0.999176 0 0 0.0405765
0.000000000 2.975 0.339 0 0.999072 0 0 0.0430788
0.000000000 3.004 0.337 0 0.999132 0 0 0.0416664
0.000000000 3.03 0.34 0 0.999109 0 0 0.042207
0.000000000 3.04 0.339 0 0.999104 0 0 0.0423116
0.000000000 3.049 0.347 0 0.999065 0 0 0.0432445
0.000000000 3.046 0.345 0 0.99909 0 0 0.0426429
0.000000000 3.078 0.343 0 0.999116 0 0 0.0420413
0.000000000 3.088 0.345 0 0.999023 0 0 0.0441948
0.000000000 3.105 0.347 0 0.999017 0 0 0.0443256
0.000000000 3.126 0.347 0 0.999039 0 0 0.0438373
0.000000000 3.142 0.349 0 0.999049 0 0 0.043602
0.000000000 3.141 0.344 0 0.999044 0 0 0.043724
0.000000000 3.172 0.351 0 0.999048 0 0 0.0436281
0.000000000 3.166 0.353 0 0.998978 0 0 0.0451886
0.000000000 3.195 0.353 0 0.998978 0 0 0.0451886
0.000000000 3.206 0.356 0 0.99896 0 0 0.0455984
0.000000000 3.223 0.354 0 0.998895 0 0 0.0470018
0.000000000 3.231 0.356 0 0.998917 0 0 0.0465311
0.000000000 3.249 0.357 0 0.998852 0 0 0.0478997
0.000000000 3.247 0.363 0 0.998959 0 0 0.0456071
0.000000000 3.27 0.358 0 0.998894 0 0 0.047028
0.000000000 3.281 0.362 0 0.998806 0 0 0.0488585
0.000000000 3.293 0.364 0 0.998851 0 0 0.0479171
0.000000000 3.294 0.363 0 0.998859 0 0 0.0477602
0.000000000 3.32 0.364 0 0.998769 0 0 0.0495994
0.000000000 3.347 0.367 0 0.998736 0 0 0.0502705
0.000000000 3.344 0.368 0 0.998762 0 0 0.0497475
0.000000000 3.369 0.368 0 0.998752 0 0 0.049948
0.000000000 3.368 0.369 0 0.998699 0 0 0.0510026
0.000000000 3.397 0.371 0 0.998722 0 0 0.0505406
0.000000000 3.407 0.373 0 0.998688 0 0 0.051203
0.000000000 3.417 0.372 0 0.998695 0 0 0.0510636
0.000000000 3.417 0.377 0 0.998686 0 0 0.0512466
0.000000000 3.448 0.377 0 0.998652 0 0 0.0519002
0.000000000 3.456 0.379 0 0.998705 0 0 0.0508805
0.000000000 3.47 0.38 0 0.998618 0 0 0.0525625
0.000000000 3.486 0.384 0 0.998655 0 0 0.0518479
0.000000000 3.502 0.379 0 0.99869 0 0 0.0511682
0.000000000 3.501 0.385 0 0.998735 0 0 0.0502792
0.000000000 3.533 0.385 0 0.99866 0 0 0.0517608
0.000000000 3.527 0.387 0 0.99871 0 0 0.0507847
0.000000000 3.559 0.388 0 0.998737 0 0 0.050253
0.000000000 3.563 0.391 0 0.998698 0 0 0.05102
0.000000000 3.594 0.391 0 0.998778 0 0 0.049425
0.000000000 3.611 0.396 0 0.998699 0 0 0.0509851
0.000000000 3.625 0.4 0 0.998722 0 0 0.0505319
0.000000000 3.625 0.401 0 0.998715 0 0 0.0506714
0.000000000 3.654 0.403 0 0.998774 0 0 0.0495122
0.000000000 3.651 0.397 0 0.998744 0 0 0.0500962
0.000000000 3.658 0.403 0 0.99884 0 0 0.0481612
0.000000000 3.689 0.406 0 0.998722 0 0 0.0505406
0.000000000 3.696 0.408 0 0.998843 0 0 0.0480914
0.000000000 3.717 0.402 0 0.998777 0 0 0.0494337
0.000000000 3.724 0.406 0 0.998851 0 0 0.0479258
0.000000000 3.721 0.409 0 0.998833 0 0 0.0482919
0.000000000 3.753 0.409 0 0.998907 0 0 0.0467403
0.000000000 3.759 0.409 0 0.998805 0 0 0.0488672
0.000000000 3.779 0.411 0 0.998887 0 0 0.0471588
0.000000000 3.785 0.414 0 0.998879 0 0 0.0473331
0.000000000 3.806 0.414 0 0.998879 0 0 0.0473331
0.000000000 3.817 0.412 0 0.998852 0 0 0.0479084
0.000000000 3.831 0.415 0 0.998823 0 0 0.0485098
0.000000000 3.844 0.417 0 0.998914 0 0 0.0465921
0.000000000 3.841 0.415 0 0.998879 0 0 0.0473418
0.000000000 3.867 0.418 0 0.998891 0 0 0.0470803
0.000000000 3.881 0.418 0 0.998896 0 0 0.0469844
0.000000000 3.89 0.418 0 0.998988 0 0 0.0449794
0.000000000 3.908 0.417 0 0.998845 0 0 0.0480391
0.000000000 3.906 0.426 0 0.998954 0 0 0.0457291
0.000000000 3.934 0.422 0 0.998901 0 0 0.0468711
0.000000000 3.932 0.421 0 0.998963 0 0 0.0455286
0.000000000 3.958 0.424 0 0.998868 0 0 0.0475684
0.000000000 3.97 0.425 0 0.998896 0 0 0.0469757
0.000000000 3.981 0.428 0 0.998947 0 0 0.045886
0.000000000 3.993 0.428 0 0.998915 0 0 0.046566
0.000000000 4.009 0.432 0 0.998852 0 0 0.0478997
0.000000000 4.026 0.437 0 0.998869 0 0 0.047551
0.000000000 4.021 0.437 0 0.998931 0 0 0.0462173
0.000000000 4.055 0.437 0 0.998901 0 0 0.0468798
0.000000000 4.047 0.438 0 0.998908 0 0 0.0467142
0.000000000 4.057 0.435 0 0.998855 0 0 0.0478387
0.000000000 4.081 0.453 0 0.998967 0 0 0.0454327
0.000000000 4.08 0.42 0 0.998861 0 0 0.0477079
0.000000000 4.113 0.451 0 0.998939 0 0 0.0460517
0.000000000 4.117 0.436 0 0.998804 0 0 0.0488934
0.000000000 4.133 0.44 0 0.998878 0 0 0.0473505
0.000000000 4.153 0.443 0 0.998868 0 0 0.0475597
0.000000000 4.169 0.445 0 0.99884 0 0 0.0481437
0.000000000 4.188 0.446 0 0.998865 0 0 0.0476207
0.000000000 4.18 0.443 0 0.998874 0 0 0.0474377
0.000000000 4.2 0.443 0 0.998877 0 0 0.0473767
0.000000000 4.211 0.448 0 0.998831 0 0 0.0483442
0.000000000 4.24 0.449 0 0.998884 0 0 0.0472372
0.000000000 4.238 0.451 0 0.998877 0 0 0.0473767
0.000000000 4.271 0.449 0 0.998826 0 0 0.0484401
0.000000000 4.277 0.452 0 0.99892 0 0 0.0464614
0.000000000 4.29 0.45 0 0.998843 0 0 0.0481002
0.000000000 4.303 0.45 0 0.998875 0 0 0.047429
0.000000000 4.314 0.456 0 0.998882 0 0 0.0472721
0.000000000 4.335 0.456 0 0.998873 0 0 0.0474551
0.000000000 4.33 0.454 0 0.998832 0 0 0.0483268
0.000000000 4.365 0.457 0 0.998796 0 0 0.0490502
0.000000000 4.374 0.464 0 0.998897 0 0 0.0469583
0.000000000 4.387 0.461 0 0.998742 0 0 0.0501397
0.000000000 4.387 0.464 0 0.998832 0 0 0.0483181
0.000000000 4.416 0.467 0 0.998753 0 0 0.0499218
0.000000000 4.413 0.466 0 0.998836 0 0 0.0482309
0.000000000 4.447 0.466 0 0.998708 0 0 0.0508195
0.000000000 4.441 0.472 0 0.998788 0 0 0.0492158
0.000000000 4.468 0.472 0 0.99873 0 0 0.0503838
0.000000000 4.477 0.474 0 0.998733 0 0 0.050314
0.000000000 4.479 0.472 0 0.998645 0 0 0.0520309
0.000000000 4.498 0.475 0 0.998667 0 0 0.0516213
0.000000000 4.494 0.478 0 0.998654 0 0 0.0518654
0.000000000 4.522 0.473 0 0.99861 0 0 0.052702
0.000000000 4.533 0.479 0 0.998508 0 0 0.0546016
0.000000000 4.53 0.482 0 0.998554 0 0 0.0537651
0.000000000 4.558 0.483 0 0.998537 0 0 0.0540701
0.000000000 4.573 0.483 0 0.998486 0 0 0.0550025
0.000000000 4.581 0.482 0 0.998452 0 0 0.0556211
0.000000000 4.595 0.483 0 0.99844 0 0 0.0558302
0.000000000 4.606 0.488 0 0.998409 0 0 0.0563878
0.000000000 4.627 0.485 0 0.998426 0 0 0.0560829
0.000000000 4.623 0.49 0 0.998346 0 0 0.0574856
0.000000000 4.648 0.491 0 0.998363 0 0 0.0571894
0.000000000 4.663 0.492 0 0.99831 0 0 0.0581129
0.000000000 4.684 0.494 0 0.998331 0 0 0.057747
0.000000000 4.703 0.494 0 0.998331 0 0 0.057747
0.000000000 4.721 0.494 0 0.998331 0 0 0.057747
0.000000000 4.74 0.494 0 0.998331 0 0 0.057747
0.000000000 4.758 0.494 0 0.998331 0 0 0.057747
0.000000000 4.775 0.494 0 0.998331 0 0 0.057747
0.000000000 4.793 0.494 0 0.998331 0 0 0.057747
0.000000000 4.811 0.494 0 0.998331 0 0 0.057747
0.000000000 4.829 0.494 0 0.998331 0 0 0.057747
0.000000000 4.846 0.494 0 0.998331 0 0 0.057747
0.000000000 4.864 0.494 0 0.998331 0 0 0.057747
0.000000000 4.881 0.494 0 0.998331 0 0 0.057747
0.000000000 4.898 0.494 0 0.998331 0 0 0.057747
0.000000000 4.915 0.494 0 0.998331 0 0 0.057747
0.000000000 4.932 0.494 0 0.998331 0 0 0.057747
0.000000000 4.949 0.494 0 0.998331 0 0 0.057747
0.000000000 4.966 0.494 0 0.998331 0 0 0.057747
0.000000000 4.983 0.494 0 0.998331 0 0 0.057747
0.000000000 4.999 0.494 0 0.998331 0 0 0.057747
0.000000000 5.016 0.494 0 0.998331 0 0 0.057747
0.000000000 5.032 0.494 0 0.998331 0 0 0.057747
0.000000000 5.049 0.494 0 0.998331 0 0 0.057747
0.000000000 5.065 0.494 0 0.998331 0 0 0.057747
0.000000000 5.081 0.494 0 0.998331 0 0 0.057747
0.000000000 5.097 0.494 0 0.998331 0 0 0.057747
0.000000000 5.113 0.494 0 0.998331 0 0 0.057747
0.000000000 5.129 0.494 0 0.998331 0 0 0.057747
0.000000000 5.145 0.494 0 0.998331 0 0 0.057747
0.000000000 5.161 0.494 0 0.998331 0 0 0.057747
0.000000000 5.176 0.494 0 0.998331 0 0 0.057747
0.000000000 5.192 0.494 0 0.998331 0 0 0.057747
0.000000000 5.207 0.494 0 0.998331 0 0 0.057747
0.000000000 5.223 0.494 0 0.998331 0 0 0.057747
0.000000000 5.238 0.494 0 0.998331 0 0 0.057747
0.000000000 5.254 0.494 0 0.998331 0 0 0.057747
0.000000000 5.269 0.494 0 0.998331 0 0 0.057747
0.000000000 5.285 0.494 0 0.998331 0 0 0.057747
0.000000000 5.3 0.494 0 0.998331 0 0 0.057747
0.000000000 5.331 0.494 0 0.998331 0 0 0.057747
0.000000000 5.362 0.494 0 0.998331 0 0 0.057747
0.000000000 5.378 0.494 0 0.998331 0 0 0.057747
0.000000000 5.393 0.494 0 0.998331 0 0 0.057747
0.000000000 5.409 0.494 0 0.998331 0 0 0.057747
0.000000000 5.424 0.494 0 0.998331 0 0 0.057747
0.000000000 5.44 0.494 0 0.998331 0 0 0.057747
0.000000000 5.471 0.494 0 0.998331 0 0 0.057747
0.000000000 5.486 0.494 0 0.998331 0 0 0.057747
0.000000000 5.502 0.494 0 0.998331 0 0 0.057747
0.000000000 5.172 0.644 0 0.997204 0 0 0.0747264
0.000000000 5.348 0.574 0 0.997666 0 0 0.0682765
0.000000000 5.368 0.591 0 0.997644 0 0 0.0685986
0.000000000 5.349 0.597 0 0.997659 0 0 0.068381
0.000000000 5.387 0.601 0 0.99764 0 0 0.0686683
0.000000000 5.378 0.602 0 0.997647 0 0 0.0685638
0.000000000 5.415 0.601 0 0.997764 0 0 0.0668312
0.000000000 5.405 0.601 0 0.997587 0 0 0.0694344
0.000000000 5.435 0.606 0 0.997753 0 0 0.0670053
0.000000000 5.431 0.608 0 0.997685 0 0 0.0679979
0.000000000 5.461 0.609 0 0.997818 0 0 0.0660301
0.000000000 5.467 0.611 0 0.997722 0 0 0.0674581
0.000000000 5.48 0.612 0 0.997802 0 0 0.0662652
0.000000000 5.499 0.614 0 0.997841 0 0 0.0656818
0.000000000 5.493 0.616 0 0.997803 0 0 0.0662478
0.000000000 5.526 0.617 0 0.997858 0 0 0.0654118
0.000000000 5.534 0.618 0 0.997826 0 0 0.0659082
0.000000000 5.535 0.62 0 0.997909 0 0 0.0646281
0.000000000 5.564 0.622 0 0.997782 0 0 0.0665612
0.000000000 5.581 0.622 0 0.997723 0 0 0.0674407
0.000000000 5.598 0.622 0 0.997666 0 0 0.0682765
0.000000000 5.615 0.622 0 0.997609 0 0 0.0691123
0.000000000 5.632 0.623 0 0.99755 0 0 0.0699567
0.000000000 5.649 0.623 0 0.997491 0 0 0.0707924
0.000000000 5.665 0.623 0 0.997431 0 0 0.071628
0.000000000 5.682 0.623 0 0.99737 0 0 0.0724723
0.000000000 5.714 0.623 0 0.997248 0 0 0.0741433
0.000000000 5.731 0.623 0 0.997181 0 0 0.0750396
0.000000000 5.747 0.623 0 0.997117 0 0 0.075875
0.000000000 5.762 0.623 0 0.997057 0 0 0.0766581
0.000000000 5.778 0.623 0 0.996993 0 0 0.0774934
0.000000000 5.794 0.623 0 0.996927 0 0 0.0783373
0.000000000 5.809 0.623 0 0.996861 0 0 0.0791725
0.000000000 5.825 0.623 0 0.996794 0 0 0.0800076
0.000000000 5.856 0.623 0 0.996658 0 0 0.0816863
0.000000000 5.743 0.678 0 0.999021 0 0 0.0442471
0.000000000 5.8 0.646 0 0.998248 0 0 0.059167
0.000000000 5.82 0.653 0 0.998233 0 0 0.0594196
0.000000000 5.817 0.655 0 0.998367 0 0 0.0571197
0.000000000 5.842 0.656 0 0.9983 0 0 0.0582871
0.000000000 5.853 0.659 0 0.998358 0 0 0.0572852
0.000000000 5.869 0.656 0 0.998387 0 0 0.0567712
0.000000000 5.883 0.659 0 0.998458 0 0 0.0555165
0.000000000 5.891 0.661 0 0.998352 0 0 0.0573898
0.000000000 5.92 0.662 0 0.998405 0 0 0.0564488
0.000000000 5.93 0.666 0 0.99852 0 0 0.0543925
0.000000000 5.945 0.665 0 0.998392 0 0 0.0566841
0.000000000 5.954 0.669 0 0.998466 0 0 0.0553684
0.000000000 5.973 0.671 0 0.998461 0 0 0.0554556
0.000000000 5.972 0.671 0 0.998517 0 0 0.0544448
0.000000000 5.995 0.674 0 0.998478 0 0 0.0551593
0.000000000 5.994 0.676 0 0.998479 0 0 0.0551332
0.000000000 6.022 0.676 0 0.998602 0 0 0.0528501
0.000000000 6.047 0.678 0 0.99857 0 0 0.0534688
0.000000000 6.043 0.677 0 0.99858 0 0 0.0532684
0.000000000 6.07 0.681 0 0.99862 0 0 0.0525102
0.000000000 6.067 0.68 0 0.998647 0 0 0.0520048
0.000000000 6.088 0.681 0 0.998659 0 0 0.0517695
0.000000000 6.101 0.683 0 0.998644 0 0 0.0520571
0.000000000 6.115 0.686 0 0.998636 0 0 0.052214
0.000000000 6.13 0.685 0 0.998706 0 0 0.0508631
0.000000000 6.142 0.686 0 0.998637 0 0 0.0521965
0.000000000 6.155 0.69 0 0.998711 0 0 0.0507498
0.000000000 6.165 0.693 0 0.99873 0 0 0.0503751
0.000000000 6.186 0.69 0 0.998677 0 0 0.0514296
0.000000000 6.181 0.693 0 0.998696 0 0 0.0510549
0.000000000 6.213 0.697 0 0.998703 0 0 0.0509154
0.000000000 6.208 0.696 0 0.998762 0 0 0.0497388
0.000000000 6.244 0.696 0 0.998683 0 0 0.0513076
0.000000000 6.237 0.699 0 0.998768 0 0 0.0496168
0.000000000 6.263 0.7 0 0.99875 0 0 0.0499828
0.000000000 6.276 0.701 0 0.998717 0 0 0.0506365
0.000000000 6.292 0.703 0 0.99872 0 0 0.0505842
0.000000000 6.292 0.704 0 0.998718 0 0 0.0506191
0.000000000 6.319 0.705 0 0.998727 0 0 0.0504448
0.000000000 6.316 0.705 0 0.998593 0 0 0.0530244
0.000000000 6.316 0.705 0 0.998493 0 0 0.0548718
0.000000000 6.316 0.705 0 0.998442 0 0 0.0558041
0.000000000 6.316 0.705 0 0.998393 0 0 0.0566754
0.000000000 6.316 0.705 0 0.998336 0 0 0.0576599
0.000000000 6.316 0.705 0 0.998231 0 0 0.0594545
0.000000000 6.431 0.747 0 0.996887 0 0 0.0788419
0.000000000 6.471 0.729 0 0.995025 0 0 0.0996237
0.000000000 6.471 0.729 0 0.993836 0 0 0.110862
0.000000000 6.471 0.729 0 0.992572 0 0 0.121661
0.000000000 6.471 0.729 0 0.99119 0 0 0.132447
0.000000000 6.552 0.735 0 0.988812 0 0 0.149164
0.000000000 6.545 0.726 0 0.986189 0 0 0.165624
0.000000000 6.579 0.748 0 0.983056 0 0 0.183308
0.000000000 6.57 0.744 0 0.980635 0 0 0.195843
0.000000000 6.61 0.763 0 0.978814 0 0 0.204752
0.000000000 6.597 0.751 0 0.977818 0 0 0.209456
0.000000000 6.625 0.754 0 0.975111 0 0 0.221719
0.000000000 6.641 0.759 0 0.972396 0 0 0.233335
0.000000000 6.635 0.776 0 0.970735 0 0 0.240152
0.000000000 6.669 0.773 0 0.968233 0 0 0.25005
0.000000000 6.658 0.805 0 0.967405 0 0 0.253235
0.000000000 6.681 0.8 0 0.965883 0 0 0.258979
0.000000000 6.677 0.808 0 0.964989 0 0 0.26229
0.000000000 6.68 0.805 0 0.963961 0 0 0.266044
0.000000000 6.706 0.814 0 0.961298 0 0 0.275512
0.000000000 6.705 0.822 0 0.958362 0 0 0.285555
0.000000000 6.724 0.83 0 0.956704 0 0 0.291061
0.000000000 6.736 0.836 0 0.955397 0 0 0.295325
0.000000000 6.727 0.858 0 0.953425 0 0 0.301629
0.000000000 6.734 0.853 0 0.951307 0 0 0.308245
0.000000000 6.739 0.871 0 0.946404 0 0 0.322984
0.000000000 6.764 0.884 0 0.941471 0 0 0.337095
0.000000000 6.789 0.881 0 0.940762 0 0 0.339066
0.000000000 6.781 0.899 0 0.939274 0 0 0.343168
0.000000000 6.787 0.913 0 0.938466 0 0 0.345372
0.000000000 6.797 0.909 0 0.937239 0 0 0.348687
0.000000000 6.815 0.928 0 0.9359 0 0 0.352266
0.000000000 6.827 0.927 0 0.934046 0 0 0.357154
0.000000000 6.838 0.935 0 0.932472 0 0 0.361242
0.000000000 6.834 0.957 0 0.928427 0 0 0.371514
0.000000000 6.855 0.957 0 0.924623 0 0 0.380885
0.000000000 6.865 0.965 0 0.921382 0 0 0.388658
0.000000000 6.895 0.999 0 0.915012 0 0 0.403426
0.000000000 6.896 0.999 0 0.90953 0 0 0.415638
0.000000000 6.898 1.008 0 0.90372 0 0 0.428123
0.000000000 6.906 1.015 0 0.900812 0 0 0.434209
0.000000000 6.935 1.022 0 0.897 0 0 0.44203
0.000000000 6.918 1.041 0 0.896208 0 0 0.443634
0.000000000 6.961 1.043 0 0.89061 0 0 0.454768
0.000000000 6.938 1.06 0 0.889189 0 0 0.45754
0.000000000 6.968 1.071 0 0.885969 0 0 0.463745
0.000000000 6.954 1.087 0 0.883291 0 0 0.468824
0.000000000 6.989 1.085 0 0.879308 0 0 0.476254
0.000000000 6.98 1.114 0 0.870807 0 0 0.491626
0.000000000 6.976 1.108 0 0.869603 0 0 0.493752
0.000000000 7.004 1.134 0 0.863285 0 0 0.504716
0.000000000 6.989 1.153 0 0.863303 0 0 0.504686
0.000000000 7.021 1.148 0 0.858334 0 0 0.513092
0.000000000 7.004 1.165 0 0.854758 0 0 0.519027
0.000000000 7.012 1.203 0 0.848769 0 0 0.528764
0.000000000 7.008 1.202 0 0.845532 0 0 0.533924
0.000000000 7.01 1.205 0 0.841742 0 0 0.53988
0.000000000 7.011 1.223 0 0.832588 0 0 0.553893
0.000000000 7.04 1.237 0 0.828163 0 0 0.560487
0.000000000 7.034 1.254 0 0.82599 0 0 0.563685
0.000000000 7.041 1.244 0 0.819952 0 0 0.572432
0.000000000 7.046 1.266 0 0.817462 0 0 0.575983
0.000000000 7.054 1.292 0 0.806171 0 0 0.591683
0.000000000 7.062 1.303 0 0.802989 0 0 0.595994
0.000000000 7.056 1.316 0 0.799339 0 0 0.600881
0.000000000 7.078 1.331 0 0.793624 0 0 0.608408
0.000000000 7.063 1.341 0 0.792396 0 0 0.610007
0.000000000 7.084 1.364 0 0.789807 0 0 0.613355
0.000000000 7.073 1.357 0 0.788703 0 0 0.614774
0.000000000 7.077 1.383 0 0.785663 0 0 0.618655
0.000000000 7.078 1.414 0 0.777958 0 0 0.628316
0.000000000 7.081 1.419 0 0.771613 0 0 0.636092
0.000000000 7.082 1.435 0 0.765343 0 0 0.643623
0.000000000 7.087 1.451 0 0.76104 0 0 0.648705
0.000000000 7.085 1.463 0 0.75687 0 0 0.653566
0.000000000 7.09 1.463 0 0.746476 0 0 0.665413
0.000000000 7.089 1.486 0 0.743781 0 0 0.668423
0.000000000 7.089 1.499 0 0.739995 0 0 0.672612
0.000000000 7.087 1.514 0 0.738449 0 0 0.674309
0.000000000 7.082 1.514 0 0.736593 0 0 0.676336
0.000000000 7.084 1.534 0 0.733 0 0 0.680228
0.000000000 7.088 1.547 0 0.732668 0 0 0.680587
0.000000000 7.086 1.557 0 0.730103 0 0 0.683337
0.000000000 7.087 1.571 0 0.729142 0 0 0.684363
0.000000000 7.087 1.584 0 0.72691 0 0 0.686732
0.000000000 7.088 1.593 0 0.72691 0 0 0.686732
0.000000000 7.088 1.607 0 0.726461 0 0 0.687208
0.000000000 7.089 1.622 0 0.726209 0 0 0.687474
0.000000000 7.088 1.637 0 0.724503 0 0 0.689272
0.000000000 7.09 1.646 0 0.724166 0 0 0.689626
0.000000000 7.091 1.66 0 0.7241 0 0 0.689695
0.000000000 7.09 1.677 0 0.723214 0 0 0.690624
0.000000000 7.092 1.689 0 0.722702 0 0 0.69116
0.000000000 7.094 1.712 0 0.722605 0 0 0.691261
0.000000000 7.091 1.725 0 0.722141 0 0 0.691746
0.000000000 7.095 1.737 0 0.721519 0 0 0.692395
0.000000000 7.095 1.752 0 0.721186 0 0 0.692741
0.000000000 7.095 1.781 0 0.721319 0 0 0.692603
0.000000000 7.095 1.787 0 0.720587 0 0 0.693364
0.000000000 7.096 1.805 0 0.72046 0 0 0.693496
0.000000000 7.099 1.803 0 0.720666 0 0 0.693282
0.000000000 7.094 1.838 0 0.720545 0 0 0.693408
0.000000000 7.097 1.833 0 0.720624 0 0 0.693326
0.000000000 7.099 1.853 0 0.720612 0 0 0.693339
0.000000000 7.12 1.851 0 0.721778 0 0 0.692124
0.000000000 7.111 1.885 0 0.721887 0 0 0.692011
0.000000000 7.104 1.914 0 0.723479 0 0 0.690346
0.000000000 7.101 1.925 0 0.72363 0 0 0.690188
0.000000000 7.102 1.925 0 0.723359 0 0 0.690472
0.000000000 7.104 1.932 0 0.723552 0 0 0.69027
0.000000000 7.103 1.977 0 0.725513 0 0 0.688209
0.000000000 7.105 1.973 0 0.724996 0 0 0.688753
0.000000000 7.109 1.996 0 0.725747 0 0 0.687962
0.000000000 7.11 2.006 0 0.727773 0 0 0.685818
0.000000000 7.108 2.017 0 0.727976 0 0 0.685602
0.000000000 7.111 2.019 0 0.728658 0 0 0.684878
0.000000000 7.113 2.04 0 0.730734 0 0 0.682662
0.000000000 7.113 2.056 0 0.734364 0 0 0.678756
0.000000000 7.11 2.072 0 0.734038 0 0 0.679108
0.000000000 7.117 2.08 0 0.7355 0 0 0.677524
0.000000000 7.123 2.092 0 0.740957 0 0 0.671552
0.000000000 7.105 2.107 0 0.743145 0 0 0.669131
0.000000000 7.114 2.117 0 0.743081 0 0 0.669202
0.000000000 7.135 2.137 0 0.74694 0 0 0.664891
0.000000000 7.125 2.134 0 0.752283 0 0 0.65884
0.000000000 7.115 2.143 0 0.751183 0 0 0.660093
0.000000000 7.122 2.168 0 0.749909 0 0 0.661541
0.000000000 7.142 2.191 0 0.751431 0 0 0.659812
0.000000000 7.133 2.204 0 0.751569 0 0 0.659654
0.000000000 7.136 2.2 0 0.752507 0 0 0.658584
0.000000000 7.136 2.219 0 0.752892 0 0 0.658144
0.000000000 7.143 2.237 0 0.755585 0 0 0.655051
0.000000000 7.137 2.234 0 0.756892 0 0 0.65354
0.000000000 7.141 2.259 0 0.755802 0 0 0.6548
0.000000000 7.145 2.271 0 0.755779 0 0 0.654827
0.000000000 7.15 2.283 0 0.757713 0 0 0.652588
0.000000000 7.146 2.292 0 0.757314 0 0 0.653051
0.000000000 7.148 2.31 0 0.756453 0 0 0.654048
0.000000000 7.156 2.332 0 0.756111 0 0 0.654444
0.000000000 7.179 2.348 0 0.752541 0 0 0.658545
0.000000000 7.168 2.377 0 0.749441 0 0 0.662071
0.000000000 7.17 2.375 0 0.74752 0 0 0.664239
0.000000000 7.174 2.409 0 0.742911 0 0 0.66939
0.000000000 7.173 2.414 0 0.735796 0 0 0.677204
0.000000000 7.178 2.434 0 0.726191 0 0 0.687493
0.000000000 7.178 2.453 0 0.702041 0 0 0.712136
0.000000000 7.171 2.479 0 0.680113 0 0 0.733107
0.000000000 7.17 2.479 0 0.674824 0 0 0.737979
0.000000000 7.164 2.511 0 0.66611 0 0 0.745854
0.000000000 7.166 2.523 0 0.658322 0 0 0.752737
0.000000000 7.164 2.533 0 0.648784 0 0 0.760972
0.000000000 7.16 2.547 0 0.642627 0 0 0.766179
0.000000000 7.156 2.563 0 0.640391 0 0 0.768049
0.000000000 7.15 2.575 0 0.631339 0 0 0.775507
0.000000000 7.144 2.588 0 0.627712 0 0 0.778446
0.000000000 7.138 2.608 0 0.618381 0 0 0.785878
0.000000000 7.132 2.6 0 0.618155 0 0 0.786057
0.000000000 7.133 2.634 0 0.613148 0 0 0.789968
0.000000000 7.135 2.638 0 0.605468 0 0 0.79587
0.000000000 7.135 2.659 0 0.592294 0 0 0.805722
0.000000000 7.112 2.654 0 0.577487 0 0 0.8164
0.000000000 7.113 2.681 0 0.568002 0 0 0.823027
0.000000000 7.106 2.688 0 0.559555 0 0 0.828793
0.000000000 7.102 2.699 0 0.556223 0 0 0.831033
0.000000000 7.102 2.697 0 0.552912 0 0 0.83324
0.000000000 7.1 2.717 0 0.544939 0 0 0.838476
0.000000000 7.083 2.728 0 0.538065 0 0 0.842903
0.000000000 7.069 2.745 0 0.520719 0 0 0.853728
0.000000000 7.072 2.755 0 0.519415 0 0 0.854522
0.000000000 7.079 2.777 0 0.506636 0 0 0.86216
0.000000000 7.05 2.795 0 0.495421 0 0 0.868653
0.000000000 7.043 2.823 0 0.481333 0 0 0.876538
0.000000000 7.052 2.811 0 0.470057 0 0 0.882636
0.000000000 7.028 2.816 0 0.465259 0 0 0.885174
0.000000000 7.035 2.842 0 0.462786 0 0 0.88647
0.000000000 7.034 2.839 0 0.451781 0 0 0.892129
0.000000000 6.993 2.847 0 0.444932 0 0 0.895564
0.000000000 7.013 2.884 0 0.438646 0 0 0.89866
0.000000000 6.986 2.877 0 0.430818 0 0 0.902439
0.000000000 6.992 2.897 0 0.431023 0 0 0.902341
0.000000000 6.988 2.896 0 0.426529 0 0 0.904474
0.000000000 6.981 2.917 0 0.42098 0 0 0.90707
0.000000000 6.956 2.928 0 0.420355 0 0 0.90736
0.000000000 6.96 2.94 0 0.415241 0 0 0.909711
0.000000000 6.943 2.941 0 0.411355 0 0 0.911475
0.000000000 6.941 2.967 0 0.406769 0 0 0.913531
0.000000000 6.918 2.963 0 0.406179 0 0 0.913794
0.000000000 6.924 2.981 0 0.399069 0 0 0.916921
0.000000000 6.906 2.981 0 0.395153 0 0 0.918615
0.000000000 6.904 2.984 0 0.389928 0 0 0.920845
0.000000000 6.879 3.007 0 0.385882 0 0 0.922548
0.000000000 6.883 3.006 0 0.376548 0 0 0.926397
0.000000000 6.875 3.025 0 0.372113 0 0 0.928187
0.000000000 6.856 3.022 0 0.368271 0 0 0.929719
0.000000000 6.857 3.03 0 0.355474 0 0 0.934686
0.000000000 6.825 3.052 0 0.34678 0 0 0.937946
0.000000000 6.831 3.061 0 0.329443 0 0 0.944175
0.000000000 6.812 3.091 0 0.320539 0 0 0.947235
0.000000000 6.811 3.076 0 0.317147 0 0 0.948376
0.000000000 6.793 3.084 0 0.304008 0 0 0.952669
0.000000000 6.784 3.094 0 0.298408 0 0 0.954438
0.000000000 6.782 3.097 0 0.280767 0 0 0.959776
0.000000000 6.758 3.105 0 0.270189 0 0 0.962807
0.000000000 6.758 3.124 0 0.263418 0 0 0.964682
0.000000000 6.733 3.116 0 0.256045 0 0 0.966665
0.000000000 6.726 3.125 0 0.253226 0 0 0.967407
0.000000000 6.715 3.13 0 0.242506 0 0 0.97015
0.000000000 6.699 3.137 0 0.235846 0 0 0.97179
0.000000000 6.7 3.146 0 0.22926 0 0 0.973365
0.000000000 6.672 3.152 0 0.222416 0 0 0.974952
0.000000000 6.674 3.153 0 0.211163 0 0 0.977451
0.000000000 6.648 3.15 0 0.19829 0 0 0.980143
0.000000000 6.63 3.16 0 0.19545 0 0 0.980714
0.000000000 6.633 3.163 0 0.196862 0 0 0.980431
0.000000000 6.624 3.166 0 0.195458 0 0 0.980712
0.000000000 6.602 3.168 0 0.192796 0 0 0.981239
0.000000000 6.592 3.175 0 0.192042 0 0 0.981387
0.000000000 6.59 3.182 0 0.192145 0 0 0.981367
0.000000000 6.563 3.185 0 0.190955 0 0 0.981599
0.000000000 6.552 3.194 0 0.191332 0 0 0.981525
0.000000000 6.538 3.198 0 0.18937 0 0 0.981906
0.000000000 6.53 3.203 0 0.190449 0 0 0.981697
0.000000000 6.515 3.205 0 0.193404 0 0 0.981119
0.000000000 6.506 3.211 0 0.190492 0 0 0.981689
0.000000000 6.492 3.216 0 0.191186 0 0 0.981554
0.000000000 6.483 3.22 0 0.192239 0 0 0.981348
0.000000000 6.473 3.226 0 0.193181 0 0 0.981163
0.000000000 6.461 3.228 0 0.192522 0 0 0.981293
0.000000000 6.449 3.233 0 0.192822 0 0 0.981234
0.000000000 6.448 3.237 0 0.193567 0 0 0.981087
0.000000000 6.428 3.245 0 0.19426 0 0 0.98095
0.000000000 6.415 3.254 0 0.194491 0 0 0.980904
0.000000000 6.405 3.259 0 0.194465 0 0 0.980909
0.000000000 6.405 3.258 0 0.197632 0 0 0.980276
0.000000000 6.397 3.264 0 0.201796 0 0 0.979428
0.000000000 6.377 3.267 0 0.201753 0 0 0.979436
0.000000000 6.361 3.27 0 0.203633 0 0 0.979047
0.000000000 6.35 3.289 0 0.208723 0 0 0.977975
0.000000000 6.339 3.28 0 0.217027 0 0 0.976166
0.000000000 6.337 3.286 0 0.214062 0 0 0.97682
0.000000000 6.317 3.303 0 0.220578 0 0 0.975369
0.000000000 6.315 3.3 0 0.227204 0 0 0.973847
0.000000000 6.308 3.305 0 0.233547 0 0 0.972345
0.000000000 6.283 3.311 0 0.236312 0 0 0.971677
0.000000000 6.268 3.329 0 0.243065 0 0 0.97001
0.000000000 6.274 3.324 0 0.24232 0 0 0.970196
0.000000000 6.254 3.329 0 0.243149 0 0 0.969989
0.000000000 6.243 3.337 0 0.24397 0 0 0.969783
0.000000000 6.226 3.34 0 0.248656 0 0 0.968592
0.000000000 6.23 3.345 0 0.249983 0 0 0.96825
0.000000000 6.204 3.352 0 0.251022 0 0 0.967981
0.000000000 6.196 3.357 0 0.252306 0 0 0.967648
0.000000000 6.18 3.374 0 0.255066 0 0 0.966924
0.000000000 6.182 3.373 0 0.254872 0 0 0.966975
0.000000000 6.162 3.393 0 0.256154 0 0 0.966636
0.000000000 6.152 3.386 0 0.257917 0 0 0.966167
0.000000000 6.151 3.393 0 0.257479 0 0 0.966284
0.000000000 6.133 3.397 0 0.258347 0 0 0.966052
0.000000000 6.111 3.402 0 0.260344 0 0 0.965516
0.000000000 6.116 3.412 0 0.261086 0 0 0.965316
0.000000000 6.084 3.419 0 0.261136 0 0 0.965302
0.000000000 6.072 3.439 0 0.263839 0 0 0.964567
0.000000000 6.071 3.439 0 0.262661 0 0 0.964888
0.000000000 6.063 3.445 0 0.263469 0 0 0.964668
0.000000000 6.038 3.448 0 0.263183 0 0 0.964746
0.000000000 6.04 3.457 0 0.264513 0 0 0.964382
0.000000000 6.035 3.461 0 0.264841 0 0 0.964292
0.000000000 6.011 3.467 0 0.264757 0 0 0.964315
0.000000000 6.001 3.473 0 0.264698 0 0 0.964331
0.000000000 5.991 3.481 0 0.265682 0 0 0.964061
0.000000000 5.991 3.484 0 0.266254 0 0 0.963903
0.000000000 5.973 3.493 0 0.266145 0 0 0.963933
0.000000000 5.97 3.498 0 0.266061 0 0 0.963956
0.000000000 5.952 3.507 0 0.267213 0 0 0.963637
0.000000000 5.94 3.511 0 0.266809 0 0 0.963749
0.000000000 5.93 3.521 0 0.266658 0 0 0.963791
0.000000000 5.912 3.524 0 0.266868 0 0 0.963733
0.000000000 5.913 3.533 0 0.267684 0 0 0.963507
0.000000000 5.896 3.536 0 0.267936 0 0 0.963437
0.000000000 5.893 3.545 0 0.266793 0 0 0.963754
0.000000000 5.866 3.564 0 0.268693 0 0 0.963226
0.000000000 5.869 3.575 0 0.265177 0 0 0.9642
0.000000000 5.861 3.572 0 0.266608 0 0 0.963805
0.000000000 5.84 3.576 0 0.266566 0 0 0.963817
0.000000000 5.825 3.577 0 0.267121 0 0 0.963663
0.000000000 5.83 3.586 0 0.266254 0 0 0.963903
0.000000000 5.785 3.616 0 0.266801 0 0 0.963752
0.000000000 5.786 3.613 0 0.265665 0 0 0.964065
0.000000000 5.768 3.62 0 0.265842 0 0 0.964017
0.000000000 5.754 3.624 0 0.265809 0 0 0.964026
0.000000000 5.745 3.632 0 0.26601 0 0 0.96397
0.000000000 5.745 3.637 0 0.265935 0 0 0.963991
0.000000000 5.719 3.641 0 0.2658 0 0 0.964028
0.000000000 5.727 3.649 0 0.264774 0 0 0.964311
0.000000000 5.704 3.671 0 0.264471 0 0 0.964394
0.000000000 5.694 3.667 0 0.263797 0 0 0.964578
0.000000000 5.681 3.675 0 0.263082 0 0 0.964774
0.000000000 5.663 3.684 0 0.260395 0 0 0.965502
0.000000000 5.653 3.69 0 0.26053 0 0 0.965466
0.000000000 5.655 3.697 0 0.252238 0 0 0.967665
0.000000000 5.63 3.704 0 0.249155 0 0 0.968464
0.000000000 5.633 3.708 0 0.238932 0 0 0.971036
0.000000000 5.6 3.714 0 0.229489 0 0 0.973311
0.000000000 5.608 3.705 0 0.215809 0 0 0.976436
0.000000000 5.588 3.714 0 0.196442 0 0 0.980515
0.000000000 5.569 3.734 0 0.179867 0 0 0.983691
0.000000000 5.545 3.732 0 0.171121 0 0 0.98525
0.000000000 5.545 3.74 0 0.157572 0 0 0.987507
0.000000000 5.518 3.741 0 0.13862 0 0 0.990346
0.000000000 5.504 3.752 0 0.129765 0 0 0.991545
0.000000000 5.483 3.756 0 0.125922 0 0 0.99204
0.000000000 5.49 3.758 0 0.122683 0 0 0.992446
0.000000000 5.465 3.76 0 0.121765 0 0 0.992559
0.000000000 5.453 3.761 0 0.111148 0 0 0.993804
0.000000000 5.43 3.763 0 0.101221 0 0 0.994864
0.000000000 5.434 3.772 0 0.0997452 0 0 0.995013
0.000000000 5.425 3.773 0 0.0961324 0 0 0.995369
0.000000000 5.406 3.769 0 0.0794247 0 0 0.996841
0.000000000 5.384 3.773 0 0.0652638 0 0 0.997868
0.000000000 5.357 3.773 0 0.0629125 0 0 0.998019
0.000000000 5.356 3.764 0 0.0520571 0 0 0.998644
0.000000000 5.343 3.77 0 0.0379692 0 0 0.999279
0.000000000 5.325 3.773 0 0.0275814 0 0 0.99962
0.000000000 5.325 3.775 0 0.0153583 0 0 0.999882
0.000000000 5.3 3.783 0 0.0162047 0 0 0.999869
0.000000000 5.29 3.777 0 0.0163007 0 0 0.999867
0.000000000 5.279 3.776 0 0.0156986 0 0 0.999877
0.000000000 5.278 3.773 0 0.0110303 0 0 0.999939
0.000000000 5.258 3.778 0 0.0114666 0 0 0.999934
0.000000000 5.237 3.776 0 0.0105241 0 0 0.999945
0.000000000 5.244 3.782 0 0.0101315 0 0 0.999949
0.000000000 5.22 3.776 0 0.0056112 0 0 0.999984
0.000000000 5.2 3.779 0 0.00573338 0 0 0.999984
0.000000000 5.192 3.778 0 0.00495671 0 0 0.999988
0.000000000 5.18 3.782 0 0.00549776 0 0 0.999985
0.000000000 5.168 3.783 0 0.00313286 0 0 0.999995
0.000000000 5.153 3.776 0 0.00426732 0 0 0.999991
0.000000000 5.129 3.779 0 0.00331612 0 0 0.999995
0.000000000 5.129 3.783 0 0.00152716 0 0 0.999999
0.000000000 5.099 3.779 0 0.00224275 0 0 0.999997
0.000000000 5.094 3.784 0 0.000855211 0 0 1
0.000000000 5.084 3.781 0 0.00165806 0 0 0.999999
0.000000000 5.066 3.781 0 0.00138754 0 0 0.999999
0.000000000 5.05 3.778 0 0.00122173 0 0 0.999999
0.000000000 5.04 3.786 0 0.000907571 0 0 1
0.000000000 5.026 3.78 0 0.00266162 0 0 0.999996
0.000000000 5.03 3.789 0 0.000628318 0 0 1
0.000000000 5.001 3.783 0 0.00179769 0 0 0.999998
0.000000000 4.988 3.786 0 0.00286234 0 0 0.999996
0.000000000 4.979 3.784 0 0.00128282 0 0 0.999999
0.000000000 4.964 3.781 0 0.00289724 0 0 0.999996
0.000000000 4.952 3.785 0 0.00269653 0 0 0.999996
0.000000000 4.922 3.789 0 0.00284488 0 0 0.999996
0.000000000 4.909 3.79 0 0.00384844 0 0 0.999993
0.000000000 4.899 3.791 0 0.00545413 0 0 0.999985
0.000000000 4.883 3.791 0 0.0109604 0 0 0.99994
0.000000000 4.886 3.788 0 0.00991331 0 0 0.999951
0.000000000 4.862 3.788 0 0.00958171 0 0 0.999954
0.000000000 4.849 3.794 0 0.0107161 0 0 0.999943
0.000000000 4.84 3.792 0 0.0177927 0 0 0.999842
0.000000000 4.839 3.788 0 0.0163268 0 0 0.999867
0.000000000 4.809 3.791 0 0.016702 0 0 0.999861
0.000000000 4.804 3.797 0 0.0180981 0 0 0.999836
0.000000000 4.79 3.796 0 0.0201136 0 0 0.999798
0.000000000 4.774 3.795 0 0.0191887 0 0 0.999816
0.000000000 4.779 3.803 0 0.0193196 0 0 0.999813
0.000000000 4.755 3.799 0 0.021684 0 0 0.999765
0.000000000 4.739 3.803 0 0.0229403 0 0 0.999737
0.000000000 4.721 3.805 0 0.0225041 0 0 0.999747
0.000000000 4.714 3.808 0 0.0237168 0 0 0.999719
0.000000000 4.698 3.806 0 0.0246939 0 0 0.999695
0.000000000 4.686 3.809 0 0.0256448 0 0 0.999671
0.000000000 4.685 3.809 0 0.0252958 0 0 0.99968
0.000000000 4.652 3.811 0 0.0275029 0 0 0.999622
0.000000000 4.66 3.814 0 0.0283752 0 0 0.999597
0.000000000 4.624 3.815 0 0.028855 0 0 0.999584
0.000000000 4.63 3.813 0 0.0303379 0 0 0.99954
0.000000000 4.609 3.819 0 0.0294569 0 0 0.999566
0.000000000 4.585 3.817 0 0.0313933 0 0 0.999507
0.000000000 4.591 3.816 0 0.032187 0 0 0.999482
0.000000000 4.569 3.818 0 0.0329633 0 0 0.999457
0.000000000 4.549 3.82 0 0.0326319 0 0 0.999467
0.000000000 4.552 3.823 0 0.0339489 0 0 0.999424
0.000000000 4.552 3.823 0 0.0344634 0 0 0.999406
0.000000000 4.552 3.823 0 0.0349169 0 0 0.99939
0.000000000 4.552 3.823 0 0.0354053 0 0 0.999373
0.000000000 4.552 3.823 0 0.035885 0 0 0.999356
0.000000000 4.552 3.823 0 0.0363734 0 0 0.999338
0.000000000 4.552 3.823 0 0.0368879 0 0 0.999319
0.000000000 4.552 3.823 0 0.0373675 0 0 0.999302
0.000000000 4.552 3.823 0 0.0383093 0 0 0.999266
0.000000000 4.552 3.823 0 0.0387889 0 0 0.999247
0.000000000 4.552 3.823 0 0.0392773 0 0 0.999228
0.000000000 4.552 3.823 0 0.0397568 0 0 0.999209
0.000000000 4.552 3.823 0 0.0402451 0 0 0.99919
0.000000000 4.242 3.851 0 0.0591583 0 0 0.998249
0.000000000 4.387 3.851 0 0.0480043 0 0 0.998847
0.000000000 4.304 3.839 0 0.0544099 0 0 0.998519
0.000000000 4.335 3.841 0 0.0522401 0 0 0.998635
0.000000000 4.306 3.846 0 0.0524405 0 0 0.998624
0.000000000 4.284 3.841 0 0.0565882 0 0 0.998398
0.000000000 4.284 3.846 0 0.0537303 0 0 0.998555
0.000000000 4.257 3.845 0 0.0542531 0 0 0.998527
0.000000000 4.249 3.846 0 0.0527804 0 0 0.998606
0.000000000 4.233 3.853 0 0.0517608 0 0 0.99866
0.000000000 4.215 3.851 0 0.0498085 0 0 0.998759
0.000000000 4.201 3.851 0 0.0482745 0 0 0.998834
0.000000000 4.18 3.855 0 0.045825 0 0 0.998949
0.000000000 4.186 3.857 0 0.0364693 0 0 0.999335
0.000000000 4.161 3.853 0 0.0247288 0 0 0.999694
0.000000000 4.141 3.858 0 0.0223209 0 0 0.999751
0.000000000 4.145 3.859 0 0.0156462 0 0 0.999878
0.000000000 4.121 3.857 0 0.00826404 0 0 0.999966
0.000000000 4.113 3.86 0 -0.00916285 0 0 0.999958
0.000000000 4.084 3.834 0 -0.0270057 0 0 0.999635
0.000000000 4.068 3.845 0 -0.0385971 0 0 0.999255
0.000000000 4.061 3.837 0 -0.0521965 0 0 0.998637
0.000000000 4.048 3.842 0 -0.0660214 0 0 0.997818
0.000000000 4.031 3.843 0 -0.0696085 0 0 0.997574
0.000000000 4.017 3.822 0 -0.079503 0 0 0.996835
0.000000000 4.007 3.831 0 -0.086808 0 0 0.996225
0.000000000 3.995 3.83 0 -0.0956373 0 0 0.995416
0.000000000 3.984 3.829 0 -0.103617 0 0 0.994617
0.000000000 3.972 3.828 0 -0.11159 0 0 0.993754
0.000000000 3.92 3.83 0 -0.15271 0 0 0.988271
0.000000000 3.938 3.815 0 -0.159769 0 0 0.987154
0.000000000 3.915 3.808 0 -0.171207 0 0 0.985235
0.000000000 3.897 3.802 0 -0.184423 0 0 0.982847
0.000000000 3.887 3.797 0 -0.197897 0 0 0.980223
0.000000000 3.877 3.794 0 -0.213235 0 0 0.977001
0.000000000 3.856 3.791 0 -0.219676 0 0 0.975573
0.000000000 3.859 3.786 0 -0.220842 0 0 0.97531
0.000000000 3.851 3.769 0 -0.22626 0 0 0.974067
0.000000000 3.827 3.767 0 -0.234794 0 0 0.972045
0.000000000 3.81 3.765 0 -0.238186 0 0 0.97122
0.000000000 3.813 3.758 0 -0.242811 0 0 0.970074
0.000000000 3.784 3.735 0 -0.241998 0 0 0.970277
0.000000000 3.79 3.74 0 -0.246889 0 0 0.969044
0.000000000 3.77 3.734 0 -0.255716 0 0 0.966752
0.000000000 3.743 3.729 0 -0.262299 0 0 0.964987
0.000000000 3.737 3.724 0 -0.26229 0 0 0.964989
0.000000000 3.74 3.705 0 -0.264673 0 0 0.964338
0.000000000 3.706 3.7 0 -0.276434 0 0 0.961033
0.000000000 3.711 3.69 0 -0.289491 0 0 0.957181
0.000000000 3.68 3.683 0 -0.301463 0 0 0.953478
0.000000000 3.674 3.675 0 -0.314026 0 0 0.949415
0.000000000 3.681 3.64 0 -0.31843 0 0 0.947946
0.000000000 3.657 3.675 0 -0.32777 0 0 0.944757
0.000000000 3.658 3.643 0 -0.323975 0 0 0.946066
0.000000000 3.656 3.654 0 -0.332235 0 0 0.943197
0.000000000 3.634 3.625 0 -0.345061 0 0 0.93858
0.000000000 3.624 3.605 0 -0.355344 0 0 0.934736
0.000000000 3.622 3.585 0 -0.365104 0 0 0.930967
0.000000000 3.624 3.565 0 -0.374825 0 0 0.927096
0.000000000 3.625 3.546 0 -0.384513 0 0 0.92312
0.000000000 3.627 3.527 0 -0.39415 0 0 0.919046
0.000000000 3.629 3.507 0 -0.403753 0 0 0.914868
0.000000000 3.632 3.469 0 -0.422737 0 0 0.906252
0.000000000 3.633 3.45 0 -0.432196 0 0 0.90178
0.000000000 3.635 3.432 0 -0.441615 0 0 0.897204
0.000000000 3.636 3.413 0 -0.450979 0 0 0.892535
0.000000000 3.638 3.394 0 -0.460301 0 0 0.887763
0.000000000 3.639 3.376 0 -0.469564 0 0 0.882898
0.000000000 3.641 3.357 0 -0.478784 0 0 0.877933
0.000000000 3.642 3.339 0 -0.487943 0 0 0.872875
0.000000000 3.644 3.321 0 -0.497057 0 0 0.867718
0.000000000 3.645 3.302 0 0.506034 0 0 -0.862514
0.000000000 3.647 3.283 0 0.515614 0 0 -0.856821
0.000000000 3.648 3.265 0 0.524558 0 0 -0.851375
0.000000000 3.65 3.247 0 0.533437 0 0 -0.84584
0.000000000 3.651 3.229 0 0.542258 0 0 -0.840212
0.000000000 3.653 3.212 0 0.551027 0 0 -0.834487
0.000000000 3.414 3.441 0 -0.376313 0 0 0.926493
0.000000000 3.39 3.423 0 -0.377251 0 0 0.926111
0.000000000 3.393 3.422 0 -0.376645 0 0 0.926358
0.000000000 3.388 3.414 0 -0.373975 0 0 0.927439
0.000000000 3.364 3.404 0 -0.37692 0 0 0.926246
0.000000000 3.369 3.386 0 -0.375424 0 0 0.926853
0.000000000 3.342 3.386 0 -0.376434 0 0 0.926443
0.000000000 3.348 3.378 0 -0.375286 0 0 0.926909
0.000000000 3.329 3.369 0 -0.376362 0 0 0.926473
0.000000000 3.329 3.35 0 -0.375319 0 0 0.926896
0.000000000 3.31 3.352 0 -0.375367 0 0 0.926876
0.000000000 3.312 3.344 0 -0.374032 0 0 0.927416
0.000000000 3.285 3.312 0 -0.375885 0 0 0.926666
0.000000000 3.292 3.318 0 -0.374356 0 0 0.927285
0.000000000 3.27 3.296 0 -0.370493 0 0 0.928835
0.000000000 3.271 3.307 0 -0.373134 0 0 0.927778
0.000000000 3.25 3.28 0 -0.371117 0 0 0.928586
0.000000000 3.253 3.288 0 -0.370955 0 0 0.928651
0.000000000 3.236 3.255 0 -0.365112 0 0 0.930963
0.000000000 3.223 3.276 0 -0.367605 0 0 0.929982
0.000000000 3.224 3.247 0 -0.365405 0 0 0.930849
0.000000000 3.214 3.252 0 -0.365104 0 0 0.930967
0.000000000 3.192 3.235 0 -0.362552 0 0 0.931964
0.000000000 3.194 3.234 0 -0.364722 0 0 0.931116
0.000000000 3.176 3.213 0 -0.36182 0 0 0.932248
0.000000000 3.178 3.22 0 -0.360575 0 0 0.93273
0.000000000 3.152 3.198 0 -0.358368 0 0 0.93358
0.000000000 3.156 3.199 0 -0.359875 0 0 0.933001
0.000000000 3.135 3.175 0 -0.357154 0 0 0.934046
0.000000000 3.141 3.185 0 -0.355262 0 0 0.934767
0.000000000 3.113 3.177 0 -0.354209 0 0 0.935166
0.000000000 3.121 3.158 0 -0.352985 0 0 0.935629
0.000000000 3.097 3.158 0 -0.350469 0 0 0.936574
0.000000000 3.089 3.137 0 -0.345069 0 0 0.938577
0.000000000 3.089 3.148 0 -0.345487 0 0 0.938424
0.000000000 3.07 3.127 0 -0.343971 0 0 0.93898
0.000000000 3.074 3.129 0 -0.342643 0 0 0.939466
0.000000000 3.053 3.103 0 -0.337637 0 0 0.941276
0.000000000 3.055 3.119 0 -0.339157 0 0 0.94073
0.000000000 3.025 3.094 0 -0.337826 0 0 0.941208
0.000000000 3.012 3.089 0 -0.333716 0 0 0.942674
0.000000000 3.017 3.081 0 -0.334736 0 0 0.942312
0.000000000 2.993 3.071 0 -0.331898 0 0 0.943315
0.000000000 2.995 3.062 0 -0.328677 0 0 0.944442
0.000000000 2.971 3.06 0 -0.329443 0 0 0.944175
0.000000000 2.974 3.054 0 -0.328529 0 0 0.944494
0.000000000 2.951 3.046 0 -0.328999 0 0 0.94433
0.000000000 2.961 3.024 0 -0.325114 0 0 0.945675
0.000000000 2.928 3.034 0 -0.328578 0 0 0.944477
0.000000000 2.942 3.01 0 -0.325453 0 0 0.945558
0.000000000 2.908 3.017 0 -0.328702 0 0 0.944434
0.000000000 2.919 2.993 0 -0.324016 0 0 0.946051
0.000000000 2.888 2.993 0 -0.328331 0 0 0.944563
0.000000000 2.873 2.974 0 -0.327045 0 0 0.945009
0.000000000 2.876 2.965 0 -0.324371 0 0 0.94593
0.000000000 2.846 2.957 0 -0.32716 0 0 0.944969
0.000000000 2.854 2.933 0 -0.325007 0 0 0.945712
0.000000000 2.829 2.941 0 -0.327737 0 0 0.944769
0.000000000 2.838 2.933 0 -0.324957 0 0 0.945729
0.000000000 2.811 2.925 0 -0.328166 0 0 0.94462
0.000000000 2.817 2.904 0 -0.326096 0 0 0.945337
0.000000000 2.796 2.911 0 -0.328825 0 0 0.944391
0.000000000 2.786 2.891 0 -0.326558 0 0 0.945177
0.000000000 2.777 2.895 0 -0.329847 0 0 0.944034
0.000000000 2.775 2.872 0 -0.327943 0 0 0.944697
0.000000000 2.758 2.87 0 -0.329674 0 0 0.944095
0.000000000 2.73 2.86 0 -0.331494 0 0 0.943457
0.000000000 2.744 2.856 0 -0.330794 0 0 0.943703
0.000000000 2.725 2.85 0 -0.33235 0 0 0.943156
0.000000000 2.712 2.841 0 -0.331931 0 0 0.943304
0.000000000 2.718 2.813 0 -0.334161 0 0 0.942516
0.000000000 2.681 2.825 0 -0.333494 0 0 0.942752
0.000000000 2.699 2.801 0 -0.334555 0 0 0.942376
0.000000000 2.68 2.807 0 -0.335731 0 0 0.941958
0.000000000 2.68 2.785 0 -0.3356 0 0 0.942005
0.000000000 2.661 2.792 0 -0.337268 0 0 0.941409
0.000000000 2.651 2.769 0 -0.336298 0 0 0.941756
0.000000000 2.649 2.784 0 -0.339994 0 0 0.940428
0.000000000 2.64 2.746 0 -0.33937 0 0 0.940653
0.000000000 2.635 2.762 0 -0.34175 0 0 0.939791
0.000000000 2.606 2.739 0 -0.339682 0 0 0.94054
0.000000000 2.592 2.716 0 -0.344536 0 0 0.938773
0.000000000 2.573 2.703 0 -0.345699 0 0 0.938345
0.000000000 2.562 2.712 0 -0.348286 0 0 0.937388
0.000000000 2.561 2.687 0 -0.347238 0 0 0.937777
0.000000000 2.552 2.693 0 -0.351016 0 0 0.936369
0.000000000 2.533 2.665 0 -0.348408 0 0 0.937343
0.000000000 2.531 2.68 0 -0.353605 0 0 0.935395
0.000000000 2.51 2.642 0 -0.351654 0 0 0.93613
0.000000000 2.516 2.661 0 -0.355866 0 0 0.934537
0.000000000 2.487 2.624 0 -0.35332 0 0 0.935503
0.000000000 2.493 2.642 0 -0.358009 0 0 0.933718
0.000000000 2.475 2.613 0 -0.355694 0 0 0.934602
0.000000000 2.477 2.624 0 -0.359948 0 0 0.932972
0.000000000 2.457 2.599 0 -0.35686 0 0 0.934158
0.000000000 2.462 2.613 0 -0.362235 0 0 0.932087
0.000000000 2.442 2.582 0 -0.362324 0 0 0.932052
0.000000000 2.444 2.589 0 -0.364527 0 0 0.931193
0.000000000 2.421 2.571 0 -0.363064 0 0 0.931764
0.000000000 2.424 2.576 0 -0.365145 0 0 0.930951
0.000000000 2.415 2.556 0 -0.365584 0 0 0.930779
0.000000000 2.407 2.558 0 -0.367475 0 0 0.930033
0.000000000 2.389 2.538 0 -0.366363 0 0 0.930472
0.000000000 2.39 2.545 0 -0.368555 0 0 0.929606
0.000000000 2.363 2.516 0 -0.369439 0 0 0.929255
0.000000000 2.375 2.524 0 -0.371684 0 0 0.928359
0.000000000 2.342 2.502 0 -0.369463 0 0 0.929245
0.000000000 2.354 2.508 0 -0.371992 0 0 0.928236
0.000000000 2.331 2.489 0 -0.372599 0 0 0.927992
0.000000000 2.334 2.489 0 -0.374056 0 0 0.927406
0.000000000 2.314 2.472 0 -0.373263 0 0 0.927726
0.000000000 2.319 2.471 0 -0.374938 0 0 0.92705
0.000000000 2.3 2.462 0 -0.374874 0 0 0.927076
0.000000000 2.304 2.455 0 -0.376362 0 0 0.926473
0.000000000 2.276 2.435 0 -0.375771 0 0 0.926712
0.000000000 2.281 2.441 0 -0.378794 0 0 0.925481
0.000000000 2.272 2.417 0 -0.380005 0 0 0.924984
0.000000000 2.268 2.419 0 -0.380522 0 0 0.924772
0.000000000 2.237 2.389 0 -0.380554 0 0 0.924759
0.000000000 2.214 2.371 0 -0.381482 0 0 0.924376
0.000000000 2.213 2.371 0 -0.382796 0 0 0.923833
0.000000000 2.204 2.353 0 -0.382054 0 0 0.92414
0.000000000 2.2 2.351 0 -0.384328 0 0 0.923197
0.000000000 2.173 2.342 0 -0.382224 0 0 0.92407
0.000000000 2.179 2.337 0 -0.383594 0 0 0.923502
0.000000000 2.16 2.328 0 -0.383151 0 0 0.923686
0.000000000 2.148 2.318 0 -0.384134 0 0 0.923277
0.000000000 2.152 2.311 0 -0.384682 0 0 0.923049
0.000000000 2.145 2.29 0 -0.384352 0 0 0.923187
0.000000000 2.138 2.294 0 -0.385592 0 0 0.922669
0.000000000 2.115 2.285 0 -0.384521 0 0 0.923116
0.000000000 2.121 2.28 0 -0.385479 0 0 0.922716
0.000000000 2.103 2.255 0 -0.384601 0 0 0.923083
0.000000000 2.103 2.262 0 -0.385552 0 0 0.922686
0.000000000 2.085 2.242 0 -0.385093 0 0 0.922878
0.000000000 2.087 2.243 0 -0.3856 0 0 0.922666
0.000000000 2.078 2.226 0 -0.384416 0 0 0.92316
0.000000000 2.06 2.231 0 -0.38465 0 0 0.923063
0.000000000 2.063 2.209 0 -0.384553 0 0 0.923103
0.000000000 2.055 2.216 0 -0.38473 0 0 0.923029
0.000000000 2.045 2.206 0 -0.383328 0 0 0.923612
0.000000000 2.02 2.202 0 -0.383699 0 0 0.923458
0.000000000 2.029 2.183 0 -0.383868 0 0 0.923388
0.000000000 2.012 2.182 0 -0.384037 0 0 0.923317
0.000000000 2.001 2.161 0 -0.382329 0 0 0.924026
0.000000000 2.003 2.167 0 -0.383546 0 0 0.923522
0.000000000 1.978 2.143 0 -0.381845 0 0 0.924226
0.000000000 1.983 2.148 0 -0.382466 0 0 0.92397
0.000000000 1.96 2.121 0 -0.380126 0 0 0.924935
0.000000000 1.96 2.129 0 -0.381732 0 0 0.924273
0.000000000 1.943 2.106 0 -0.379626 0 0 0.92514
0.000000000 1.941 2.108 0 -0.37986 0 0 0.925044
0.000000000 1.923 2.088 0 -0.378204 0 0 0.925722
0.000000000 1.921 2.093 0 -0.379117 0 0 0.925349
0.000000000 1.902 2.073 0 -0.377736 0 0 0.925913
0.000000000 1.904 2.073 0 -0.377712 0 0 0.925923
0.000000000 1.896 2.064 0 -0.375618 0 0 0.926775
0.000000000 1.867 2.041 0 -0.372364 0 0 0.928087
0.000000000 1.871 2.041 0 -0.369317 0 0 0.929303
0.000000000 1.866 2.035 0 -0.366761 0 0 0.930315
0.000000000 1.842 2.028 0 -0.365697 0 0 0.930734
0.000000000 1.834 2.002 0 -0.361185 0 0 0.932494
0.000000000 1.84 2.01 0 -0.358376 0 0 0.933577
0.000000000 1.811 1.994 0 -0.358775 0 0 0.933424
0.000000000 1.799 1.969 0 -0.357594 0 0 0.933877
0.000000000 1.797 1.975 0 -0.354772 0 0 0.934953
0.000000000 1.775 1.971 0 -0.354985 0 0 0.934872
0.000000000 1.78 1.961 0 -0.355254 0 0 0.93477
0.000000000 1.758 1.939 0 -0.353099 0 0 0.935586
0.000000000 1.763 1.946 0 -0.354617 0 0 0.935011
0.000000000 1.736 1.924 0 -0.353197 0 0 0.935549
0.000000000 1.716 1.917 0 -0.351311 0 0 0.936259
0.000000000 1.701 1.893 0 -0.352609 0 0 0.935771
0.000000000 1.704 1.893 0 -0.352822 0 0 0.935691
0.000000000 1.696 1.874 0 -0.35073 0 0 0.936476
0.000000000 1.678 1.88 0 -0.35234 0 0 0.935872
0.000000000 1.663 1.848 0 -0.35145 0 0 0.936207
0.000000000 1.642 1.853 0 -0.350126 0 0 0.936703
0.000000000 1.644 1.831 0 -0.351768 0 0 0.936087
0.000000000 1.622 1.831 0 -0.351891 0 0 0.936041
0.000000000 1.623 1.812 0 -0.35091 0 0 0.936409
0.000000000 1.615 1.819 0 -0.351833 0 0 0.936063
0.000000000 1.591 1.812 0 -0.351041 0 0 0.93636
0.000000000 1.599 1.793 0 -0.352144 0 0 0.935946
0.000000000 1.583 1.785 0 -0.351801 0 0 0.936075
0.000000000 1.558 1.777 0 -0.351646 0 0 0.936133
0.000000000 1.542 1.759 0 -0.352928 0 0 0.935651
0.000000000 1.541 1.751 0 -0.353761 0 0 0.935336
0.000000000 1.523 1.743 0 -0.353507 0 0 0.935432
0.000000000 1.522 1.737 0 -0.354772 0 0 0.934953
0.000000000 1.505 1.722 0 -0.354169 0 0 0.935182
0.000000000 1.483 1.714 0 -0.354438 0 0 0.93508
0.000000000 1.486 1.696 0 -0.3558 0 0 0.934562
0.000000000 1.466 1.683 0 -0.355344 0 0 0.934736
0.000000000 1.466 1.686 0 -0.356371 0 0 0.934344
0.000000000 1.438 1.669 0 -0.355254 0 0 0.93477
0.000000000 1.428 1.66 0 -0.356053 0 0 0.934466
0.000000000 1.425 1.651 0 -0.357838 0 0 0.933784
0.000000000 1.408 1.643 0 -0.3577 0 0 0.933837
0.000000000 1.395 1.634 0 -0.357496 0 0 0.933915
0.000000000 1.398 1.629 0 -0.359321 0 0 0.933214
0.000000000 1.367 1.607 0 -0.359305 0 0 0.93322
0.000000000 1.373 1.606 0 -0.360672 0 0 0.932693
0.000000000 1.355 1.585 0 -0.358792 0 0 0.933418
0.000000000 1.356 1.592 0 -0.361763 0 0 0.93227
0.000000000 1.331 1.567 0 -0.360738 0 0 0.932667
0.000000000 1.336 1.573 0 -0.3633 0 0 0.931672
0.000000000 1.313 1.554 0 -0.361022 0 0 0.932557
0.000000000 1.318 1.557 0 -0.364414 0 0 0.931237
0.000000000 1.296 1.538 0 -0.363154 0 0 0.931729
0.000000000 1.299 1.538 0 -0.365803 0 0 0.930692
0.000000000 1.281 1.517 0 -0.363983 0 0 0.931406
0.000000000 1.279 1.523 0 -0.366964 0 0 0.930235
0.000000000 1.271 1.498 0 -0.36586 0 0 0.93067
0.000000000 1.267 1.505 0 -0.368035 0 0 0.929812
0.000000000 1.243 1.485 0 -0.366258 0 0 0.930513
0.000000000 1.25 1.488 0 -0.369909 0 0 0.929068
0.000000000 1.228 1.464 0 -0.368352 0 0 0.929687
0.000000000 1.211 1.454 0 -0.368417 0 0 0.929661
0.000000000 1.217 1.459 0 -0.370533 0 0 0.928819
0.000000000 1.191 1.45 0 -0.369836 0 0 0.929097
0.000000000 1.199 1.432 0 -0.372567 0 0 0.928005
0.000000000 1.18 1.419 0 -0.371473 0 0 0.928444
0.000000000 1.18 1.427 0 -0.375407 0 0 0.92686
0.000000000 1.155 1.393 0 -0.377914 0 0 0.925841
0.000000000 1.144 1.387 0 -0.379287 0 0 0.925279
0.000000000 1.135 1.392 0 -0.381829 0 0 0.924233
0.000000000 1.12 1.369 0 -0.390161 0 0 0.920747
0.000000000 1.11 1.343 0 -0.393974 0 0 0.919122
0.000000000 1.112 1.354 0 -0.40162 0 0 0.915806
0.000000000 1.08 1.324 0 -0.402627 0 0 0.915364
0.000000000 1.096 1.34 0 -0.415495 0 0 0.909595
0.000000000 1.087 1.3 0 -0.424278 0 0 0.905532
0.000000000 1.077 1.299 0 -0.433549 0 0 0.90113
0.000000000 1.078 1.288 0 -0.442907 0 0 0.896568
0.000000000 1.078 1.277 0 -0.451867 0 0 0.892086
0.000000000 1.079 1.267 0 -0.460773 0 0 0.887518
0.000000000 1.08 1.256 0 -0.469633 0 0 0.882862
0.000000000 1.081 1.246 0 -0.478454 0 0 0.878112
0.000000000 1.009 1.231 0 -0.497504 0 0 0.867462
0.000000000 0.968 1.207 0 0.513197 0 0 -0.858271
0.000000000 0.933 1.178 0 0.528009 0 0 -0.849239
0.000000000 0.903 1.144 0 0.542661 0 0 -0.839952
0.000000000 1.017 1.212 0 0.516944 0 0 -0.856019
0.000000000 0.997 1.155 0 0.527015 0 0 -0.849856
0.000000000 0.979 1.171 0 0.538925 0 0 -0.842354
0.000000000 0.986 1.128 0 0.543922 0 0 -0.839136
0.000000000 0.988 1.111 0 0.554721 0 0 -0.832036
0.000000000 0.968 1.099 0 0.555447 0 0 -0.831552
0.000000000 0.975 1.098 0 0.567714 0 0 -0.823226
0.000000000 0.969 1.069 0 0.572196 0 0 -0.820117
0.000000000 0.96 1.053 0 0.576154 0 0 -0.817341
0.000000000 0.959 1.047 0 0.581647 0 0 -0.813441
0.000000000 0.957 1.046 0 0.58902 0 0 -0.808118
0.000000000 0.949 1.026 0 0.595987 0 0 -0.802994
0.000000000 0.945 1 0 0.602386 0 0 -0.798205
0.000000000 0.947 0.997 0 0.611361 0 0 -0.791352
0.000000000 0.937 0.998 0 0.619286 0 0 -0.785166
0.000000000 0.928 0.99 0 0.627195 0 0 -0.778862
0.000000000 0.93 0.984 0 0.636226 0 0 -0.771502
0.000000000 0.934 0.977 0 0.638264 0 0 -0.769817
0.000000000 0.931 0.973 0 0.638922 0 0 -0.769271
0.000000000 0.93 0.974 0 0.638519 0 0 -0.769606
0.000000000 0.933 0.972 0 0.639177 0 0 -0.769059
0.000000000 0.933 0.979 0 0.63813 0 0 -0.769929
0.000000000 0.932 0.978 0 0.638916 0 0 -0.769277
0.000000000 0.933 0.977 0 0.638553 0 0 -0.769578
0.000000000 0.934 0.983 0 0.638466 0 0 -0.76965
0.000000000 0.934 0.985 0 0.638318 0 0 -0.769773
0.000000000 0.931 0.978 0 0.638553 0 0 -0.769578
0.000000000 0.931 0.974 0 0.638768 0 0 -0.7694
0.000000000 0.933 0.984 0 0.638123 0 0 -0.769934
0.000000000 0.935 0.983 0 0.63856 0 0 -0.769572
0.000000000 0.933 0.983 0 0.638499 0 0 -0.769622
0.000000000 0.936 0.982 0 0.638553 0 0 -0.769578
0.000000000 0.935 0.98 0 0.638654 0 0 -0.769494
0.000000000 0.935 0.981 0 0.638627 0 0 -0.769517
0.000000000 0.931 0.979 0 0.638506 0 0 -0.769617
0.000000000 0.933 0.974 0 0.639009 0 0 -0.769199
0.000000000 0.932 0.972 0 0.638828 0 0 -0.769349
0.000000000 0.934 0.985 0 0.638231 0 0 -0.769845
0.000000000 0.929 0.977 0 0.638801 0 0 -0.769372
0.000000000 0.933 0.975 0 0.638701 0 0 -0.769455
0.000000000 0.937 0.981 0 0.638566 0 0 -0.769567
0.000000000 0.935 0.984 0 0.638392 0 0 -0.769712
0.000000000 0.934 0.976 0 0.638963 0 0 -0.769238
0.000000000 0.929 0.974 0 0.638667 0 0 -0.769483
0.000000000 0.931 0.974 0 0.638781 0 0 -0.769388
0.000000000 0.929 0.978 0 0.63854 0 0 -0.769589
0.000000000 0.934 0.975 0 0.638983 0 0 -0.769221
0.000000000 0.933 0.977 0 0.638573 0 0 -0.769561
0.000000000 0.932 0.978 0 0.638573 0 0 -0.769561
0.000000000 0.932 0.973 0 0.639016 0 0 -0.769193
0.000000000 0.931 0.977 0 0.638338 0 0 -0.769756
0.000000000 0.931 0.976 0 0.638775 0 0 -0.769394
0.000000000 0.929 0.976 0 0.63866 0 0 -0.769489
0.000000000 0.931 0.981 0 0.638445 0 0 -0.769667
0.000000000 0.93 0.978 0 0.638546 0 0 -0.769583
0.000000000 0.935 0.977 0 0.638707 0 0 -0.76945
0.000000000 0.934 0.976 0 0.638754 0 0 -0.769411
0.000000000 0.93 0.976 0 0.638647 0 0 -0.7695
0.000000000 0.931 0.974 0 0.638795 0 0 -0.769377
0.000000000 0.933 0.977 0 0.638701 0 0 -0.769455
0.000000000 0.929 0.974 0 0.638681 0 0 -0.769472
0.000000000 0.93 0.977 0 0.638587 0 0 -0.76955
0.000000000 0.934 0.982 0 0.638546 0 0 -0.769583
0.000000000 0.934 0.979 0 0.638707 0 0 -0.76945
0.000000000 0.934 0.982 0 0.638486 0 0 -0.769634
0.000000000 0.931 0.983 0 0.638425 0 0 -0.769684
0.000000000 0.935 0.982 0 0.63854 0 0 -0.769589
0.000000000 0.935 0.983 0 0.638466 0 0 -0.76965
0.000000000 0.933 0.984 0 0.638365 0 0 -0.769734
0.000000000 0.936 0.981 0 0.638553 0 0 -0.769578
0.000000000 0.938 0.984 0 0.638439 0 0 -0.769673
0.000000000 0.937 0.983 0 0.638479 0 0 -0.769639
0.000000000 0.936 0.981 0 0.638593 0 0 -0.769544
0.000000000 0.933 0.984 0 0.638365 0 0 -0.769734
0.000000000 0.934 0.984 0 0.638398 0 0 -0.769706
0.000000000 0.936 0.984 0 0.638425 0 0 -0.769684
0.000000000 0.936 0.98 0 0.63864 0 0 -0.769505
0.000000000 0.935 0.983 0 0.638432 0 0 -0.769678
0.000000000 0.934 0.982 0 0.638526 0 0 -0.7696
0.000000000 0.933 0.975 0 0.638681 0 0 -0.769472
0.000000000 0.936 0.981 0 0.638553 0 0 -0.769578
0.000000000 0.939 0.982 0 0.638553 0 0 -0.769578
0.000000000 0.938 0.982 0 0.63856 0 0 -0.769572
0.000000000 0.933 0.976 0 0.638654 0 0 -0.769494
0.000000000 0.938 0.98 0 0.63864 0 0 -0.769505
0.000000000 0.934 0.981 0 0.638566 0 0 -0.769567
0.000000000 0.934 0.983 0 0.638445 0 0 -0.769667
0.000000000 0.932 0.984 0 0.638365 0 0 -0.769734
0.000000000 0.935 0.981 0 0.638566 0 0 -0.769567
