1403715517.979818358 0.443233 2.06203 1.07658 0.966053 -0.0177708 0.00348067 -0.25771
1403715518.079878803 0.443243 2.06205 1.07659 0.966046 -0.0177522 0.00362948 -0.257732
1403715518.189751996 0.443126 2.06138 1.07588 0.966158 -0.0145961 0.000503269 -0.257537
1403715518.299795418 0.443284 2.06211 1.07667 0.966078 -0.0179129 0.00376938 -0.257603
1403715518.409767821 0.443289 2.06208 1.07664 0.966042 -0.0180087 0.003763 -0.257731
1403715518.509871590 0.443108 2.06178 1.0764 0.966277 -0.0175075 0.00280568 -0.256893
1403715518.619782999 0.443044 2.06167 1.07639 0.966284 -0.0169922 0.00261254 -0.256903
1403715518.729879116 0.443211 2.06201 1.07659 0.966071 -0.0175162 0.00337145 -0.257661
1403715518.839743701 0.443134 2.06194 1.07653 0.966076 -0.0173341 0.00324077 -0.257657
1403715518.939781053 0.443222 2.06202 1.07657 0.966051 -0.0175834 0.00333662 -0.25773
1403715519.049722631 0.443194 2.06196 1.07652 0.96606 -0.017336 0.00332706 -0.257715
1403715519.149789760 0.443463 2.06251 1.07642 0.96622 -0.0208128 0.00386603 -0.256847
1403715519.259868040 0.443075 2.0617 1.07636 0.966286 -0.0170538 0.0026574 -0.256892
1403715519.359949846 0.443047 2.06175 1.07642 0.966303 -0.0169981 0.00255268 -0.256832
1403715519.469723899 0.443281 2.06208 1.07662 0.96606 -0.0180603 0.00359717 -0.257659
1403715519.579759973 0.443176 2.06201 1.07656 0.966071 -0.0174587 0.00332736 -0.257665
1403715519.679874170 0.443226 2.06201 1.07659 0.966062 -0.0176446 0.00342092 -0.257686
1403715519.789756449 0.44323 2.06199 1.07661 0.96605 -0.0174297 0.00352291 -0.257742
1403715519.889781995 0.443228 2.06201 1.07659 0.966065 -0.0175494 0.00356027 -0.257676
1403715519.989820050 0.443245 2.06203 1.07657 0.966055 -0.0177227 0.00347821 -0.257705
1403715520.089873137 0.443098 2.06174 1.0764 0.966304 -0.0172494 0.00283937 -0.256807
1403715520.199773670 0.443244 2.06204 1.07659 0.966041 -0.0177426 0.00353627 -0.257753
1403715520.299820791 0.443072 2.06168 1.07639 0.966316 -0.0169313 0.00260492 -0.256786
1403715520.409737557 0.443197 2.06197 1.07657 0.966068 -0.0174535 0.00339356 -0.257676
1403715520.519939864 0.443183 2.06204 1.07659 0.966061 -0.0175306 0.00339834 -0.257695
1403715520.629911206 0.443068 2.06173 1.07642 0.966296 -0.0171396 0.00270839 -0.256846
1403715520.729829074 0.443234 2.06207 1.0766 0.966084 -0.0178691 0.00355653 -0.257584
1403715520.839855703 0.443204 2.0621 1.07661 0.966044 -0.0176842 0.0034801 -0.25775
1403715520.939979686 0.442968 2.06162 1.07633 0.966288 -0.0167057 0.00255456 -0.256909
1403715521.049879870 0.443171 2.06199 1.07654 0.966065 -0.0174761 0.00332803 -0.257687
1403715521.159763163 0.443087 2.06173 1.07639 0.966262 -0.0171319 0.00271927 -0.256975
1403715521.269866608 0.443046 2.06174 1.0764 0.966268 -0.0170746 0.00272977 -0.256956
1403715521.379957289 0.443048 2.06175 1.0764 0.966298 -0.017255 0.00259598 -0.256834
1403715521.489802106 0.443207 2.0621 1.07663 0.966038 -0.0177536 0.00361893 -0.257766
1403715521.599826133 0.443275 2.06207 1.07661 0.966055 -0.0178687 0.00358096 -0.257694
1403715521.709770608 0.443237 2.06203 1.07663 0.96606 -0.017607 0.00353211 -0.257694
1403715521.819795707 0.443222 2.062 1.07661 0.96603 -0.0175372 0.00354545 -0.257812
1403715521.919850785 0.443166 2.06202 1.07662 0.966082 -0.0173752 0.00326274 -0.257629
1403715522.029805352 0.443011 2.06171 1.07639 0.96628 -0.0169218 0.00270016 -0.256923
1403715522.129909180 0.443087 2.06173 1.07638 0.966255 -0.0170275 0.00274159 -0.257011
1403715522.239843108 0.443212 2.06207 1.07657 0.966058 -0.017731 0.00340143 -0.257693
1403715522.349852062 0.44322 2.06203 1.07655 0.966052 -0.0174658 0.00341615 -0.257735
1403715522.449763087 0.443189 2.06203 1.07655 0.966064 -0.0174201 0.00338986 -0.257693
1403715522.559748203 0.443288 2.06208 1.0766 0.966035 -0.0178809 0.00371836 -0.257766
1403715522.659774222 0.443043 2.06162 1.07631 0.966303 -0.0168712 0.00247345 -0.256843
1403715522.760038262 0.443233 2.06206 1.07661 0.96605 -0.0176767 0.00364726 -0.257726
1403715522.869770968 0.443224 2.06206 1.07661 0.966033 -0.0177345 0.00349929 -0.257785
1403715522.969858465 0.443228 2.06204 1.0766 0.966043 -0.0176985 0.00338765 -0.257751
1403715523.069848539 0.443078 2.06166 1.07638 0.966297 -0.0169427 0.00265526 -0.25686
1403715523.179845015 0.443265 2.06207 1.07658 0.966041 -0.0179813 0.00356701 -0.257739
1403715523.279882002 0.443043 2.06166 1.07638 0.966278 -0.0167077 0.00258645 -0.256945
1403715523.379933818 0.443208 2.06202 1.07656 0.966061 -0.0176086 0.00350508 -0.25769
1403715523.489892201 0.443218 2.06212 1.07662 0.966069 -0.0178837 0.00351673 -0.257641
1403715523.599792555 0.443192 2.06199 1.07655 0.966078 -0.0175372 0.00328511 -0.257635
1403715523.699889118 0.443175 2.06203 1.07657 0.966035 -0.017555 0.00339963 -0.257793
1403715523.809802781 0.443084 2.06177 1.07643 0.966257 -0.0172511 0.0027537 -0.256988
1403715523.919795429 0.443226 2.06203 1.07654 0.966081 -0.0176285 0.00334739 -0.257615
1403715524.009879183 0.443035 2.06167 1.07634 0.966317 -0.016827 0.00246566 -0.256794
1403715524.129852549 0.443021 2.0617 1.07634 0.966262 -0.0170413 0.00251676 -0.256986
1403715524.229823474 0.443389 2.06247 1.07643 0.966212 -0.0204454 0.00376719 -0.25691
1403715524.329846854 0.443592 2.06292 1.07662 0.965939 -0.0217919 0.00490334 -0.257806
1403715524.429865466 0.443206 2.06207 1.07658 0.966064 -0.0177393 0.00337076 -0.257671
1403715524.549876685 0.4432 2.06198 1.07651 0.966037 -0.0173766 0.00344007 -0.257795
1403715524.639891319 0.443147 2.06203 1.07656 0.966068 -0.0175406 0.00352692 -0.257667
1403715524.759804910 0.443027 2.06169 1.07639 0.966256 -0.0170141 0.00275874 -0.257006
1403715524.859859884 0.443006 2.06173 1.07633 0.966204 -0.0170754 0.00270029 -0.257199
1403715524.959833566 0.443501 2.06297 1.07663 0.965887 -0.0216946 0.00452625 -0.258013
1403715525.069836931 0.442591 2.06198 1.0767 0.966298 -0.0157148 0.00240215 -0.256936
1403715525.170003773 0.442262 2.06203 1.07666 0.966444 -0.016852 0.00252848 -0.256312
1403715525.279789864 0.442582 2.06189 1.0767 0.966177 -0.0151488 0.00241364 -0.257425
1403715525.379949415 0.442614 2.06199 1.07686 0.966082 -0.0159165 0.00255781 -0.257733
1403715525.489847439 0.442605 2.0612 1.07587 0.966275 -0.0120526 -0.000402996 -0.257231
1403715525.599987255 0.442667 2.06153 1.07655 0.966412 -0.0147416 0.0020834 -0.256567
1403715525.709864002 0.443267 2.06132 1.07651 0.966226 -0.0158674 0.00267159 -0.257194
1403715525.819877289 0.443015 2.06212 1.07703 0.96634 -0.0166121 0.00228682 -0.256722
1403715525.919890888 0.442984 2.06224 1.07714 0.966324 -0.0172691 0.0021467 -0.256739
1403715526.020094523 0.44303 2.06207 1.07692 0.966373 -0.0165335 0.00232676 -0.256602
1403715526.129944718 0.442908 2.062 1.07696 0.96627 -0.0164954 0.00200226 -0.256994
1403715526.239860691 0.442705 2.06191 1.0769 0.966442 -0.0168223 0.00115153 -0.25633
1403715526.349969302 0.44281 2.06186 1.07682 0.966419 -0.0164852 0.00165028 -0.256436
1403715526.439821356 0.44312 2.06184 1.07708 0.966492 -0.0174683 0.00262447 -0.256089
1403715526.559922154 0.443144 2.06195 1.07682 0.966483 -0.0159786 0.00179057 -0.256228
1403715526.669889988 0.442767 2.06191 1.07692 0.966458 -0.0166331 0.00190959 -0.256278
1403715526.779914045 0.443016 2.0618 1.07698 0.966516 -0.0165838 0.00169221 -0.256064
1403715526.880004454 0.442493 2.06196 1.07731 0.966207 -0.0160757 0.000948952 -0.257263
1403715526.990005759 0.442706 2.06174 1.07695 0.966474 -0.0159963 0.00125724 -0.256261
1403715527.099902176 0.442781 2.06189 1.07697 0.966498 -0.0163894 0.00138111 -0.256145
1403715527.209851660 0.442961 2.0622 1.07711 0.966281 -0.0167772 0.00219414 -0.256932
1403715527.309887664 0.44314 2.06298 1.07741 0.966055 -0.0202896 0.0039037 -0.257509
1403715527.410025469 0.443696 2.06253 1.07734 0.966 -0.0204417 0.00313893 -0.257713
1403715527.519989389 0.442553 2.06164 1.07736 0.966603 -0.0140933 0.000766051 -0.255891
1403715527.619979965 0.442941 2.06219 1.07762 0.966232 -0.0163156 0.00194587 -0.257148
1403715527.719929909 0.443134 2.06187 1.07764 0.966243 -0.0168624 0.00288836 -0.257063
1403715527.829851047 0.442994 2.06187 1.07788 0.96648 -0.0158581 0.00210761 -0.256242
1403715527.929993605 0.442845 2.06137 1.07795 0.966494 -0.0141208 0.00107118 -0.256298
1403715528.029948807 0.443038 2.06181 1.07839 0.966566 -0.0155509 0.00178545 -0.25594
1403715528.140018333 0.443007 2.06183 1.07835 0.966493 -0.0155192 0.00170604 -0.256218
1403715528.240009738 0.442906 2.06181 1.0788 0.966401 -0.0149276 0.00169021 -0.256599
1403715528.359885052 0.443659 2.06141 1.07887 0.966436 -0.0136032 0.00439799 -0.256509
1403715528.460038036 0.445907 2.0601 1.08093 0.966255 -0.0121955 0.011104 -0.257059
1403715528.570017973 0.450487 2.06026 1.08892 0.966048 -0.00699266 0.0159552 -0.257775
1403715528.679921225 0.45736 2.06219 1.10457 0.965367 -0.00450804 0.0121813 -0.260571
1403715528.780043587 0.464872 2.06523 1.1234 0.964874 -0.00175748 0.0063522 -0.262629
1403715528.900034464 0.477254 2.07038 1.15156 0.964615 -0.00537251 0.00415099 -0.263576
1403715528.990019699 0.487162 2.07579 1.17358 0.964493 -0.00678607 0.0041942 -0.263987
1403715529.109988407 0.501679 2.08357 1.20539 0.966079 -0.00403023 0.00578942 -0.258149
1403715529.220116549 0.516584 2.09227 1.24499 0.969807 -0.00359882 0.00844065 -0.243703
1403715529.330109355 0.533775 2.10131 1.29148 0.974482 -0.00157452 0.0159391 -0.223893
1403715529.430032272 0.551634 2.10998 1.32699 0.978838 -0.0048523 0.0188599 -0.203708
1403715529.530051852 0.571344 2.11833 1.35316 0.982045 -0.00485534 0.0182063 -0.187701
1403715529.649938134 0.59915 2.12944 1.37454 0.98447 -0.00724007 0.0154017 -0.174727
1403715529.739909609 0.622147 2.1389 1.38647 0.985908 -0.011172 0.0143496 -0.166296
1403715529.859943233 0.6562 2.15292 1.40719 0.987208 -0.0115131 0.0121276 -0.158556
1403715529.959927928 0.685794 2.16674 1.42992 0.987694 -0.0105435 0.00898878 -0.155785
1403715530.049978771 0.712694 2.18054 1.45145 0.988204 -0.0117451 0.00036108 -0.152691
1403715530.169995862 0.749297 2.20507 1.48604 0.988076 -0.0246742 -0.00632363 -0.151847
1403715530.280033130 0.783049 2.2322 1.53062 0.987882 -0.0292448 0.00108324 -0.15242
1403715530.390016646 0.8166 2.26656 1.59216 0.987702 -0.0290909 0.00586647 -0.153504
1403715530.489880062 0.84645 2.30234 1.65956 0.98829 -0.0199075 0.00757941 -0.151096
1403715530.609957670 0.884887 2.35212 1.73868 0.989592 -0.0188947 0.00982979 -0.142316
1403715530.719894832 0.918573 2.39957 1.79373 0.990948 -0.0138516 0.00545774 -0.133417
1403715530.829905685 0.953635 2.44811 1.83976 0.992746 -0.00653588 0.0054659 -0.119931
1403715530.929921214 0.985809 2.49416 1.88114 0.994585 -0.00505161 0.0058463 -0.10364
1403715531.029988497 1.01966 2.54091 1.92107 0.99572 -0.00337511 0.0127781 -0.0914695
1403715531.149988178 1.06581 2.59727 1.96464 0.996061 -0.00388385 0.0371687 -0.0804091
1403715531.240008413 1.10329 2.63575 1.9927 0.995976 0.0123069 0.0472655 -0.0751362
1403715531.359977388 1.15786 2.68411 2.02911 0.996644 0.0247771 0.032944 -0.0707211
1403715531.470067349 1.21068 2.721 2.05673 0.997004 0.0315997 0.0151142 -0.0689618
1403715531.579938970 1.26848 2.75329 2.07411 0.997363 0.0282525 0.00727926 -0.066453
1403715531.680031474 1.32113 2.77495 2.07664 0.997306 0.0326211 0.00739122 -0.0652812
1403715531.785487509 1.37202 2.7943 2.07354 0.997664 0.0194792 0.00471276 -0.0653089
1403715531.889912013 1.4272 2.81129 2.07367 0.997738 0.00512596 -0.00582625 -0.0667761
1403715531.990022729 1.47042 2.82098 2.06997 0.997563 0.000772803 -0.0166427 -0.0677535
1403715532.109942596 1.52161 2.83581 2.07039 0.997348 -0.00703488 -0.0204205 -0.0695076
1403715532.209971051 1.55701 2.84803 2.06818 0.99717 -0.0143276 -0.021552 -0.0705779
1403715532.319989379 1.59015 2.86098 2.06605 0.997507 -0.00593206 -0.0226764 -0.0665628
1403715532.430036216 1.61578 2.87226 2.06139 0.9979 0.00548522 -0.0189984 -0.0616786
1403715532.530008799 1.63583 2.88335 2.05822 0.998117 0.0124691 -0.0147369 -0.0582293
1403715532.649948150 1.65119 2.88867 2.05173 0.997825 0.0318593 -0.0173178 -0.055052
1403715532.750044623 1.65785 2.88596 2.04448 0.997121 0.0486326 -0.0241986 -0.0529069
1403715532.850059275 1.65843 2.87569 2.03501 0.996555 0.0562131 -0.0282071 -0.0540582
1403715532.959937605 1.65356 2.85358 2.02198 0.995795 0.0605835 -0.0277966 -0.0628489
1403715533.060086275 1.64173 2.8219 1.99857 0.994275 0.0657328 -0.0258505 -0.0801766
1403715533.170040359 1.62125 2.77607 1.96191 0.99189 0.062528 -0.0262088 -0.107502
1403715533.280144859 1.58855 2.7185 1.92907 0.988075 0.0525158 -0.0392239 -0.139327
1403715533.400050946 1.54084 2.64278 1.91545 0.98441 0.0428415 -0.0417285 -0.16541
1403715533.509957883 1.4847 2.56202 1.92236 0.98194 0.0358203 -0.0303979 -0.183267
1403715533.610206144 1.42454 2.48012 1.94582 0.979535 0.0538102 -0.0260298 -0.192191
1403715533.720237075 1.34952 2.37808 1.98698 0.976721 0.0704229 -0.0157438 -0.202013
1403715533.820108890 1.27414 2.27414 2.03684 0.975444 0.0783097 -0.0127029 -0.205464
1403715533.930186967 1.18666 2.15057 2.09145 0.975417 0.0646408 -0.00681938 -0.210562
1403715534.030028939 1.10418 2.03022 2.12785 0.976171 0.0509363 -0.00461968 -0.210888
1403715534.140125293 1.01347 1.89116 2.15449 0.976912 0.0317231 0.00115702 -0.211269
1403715534.240134853 0.930626 1.76162 2.16445 0.977692 0.0152671 0.00407522 -0.209448
1403715534.360032306 0.832715 1.60494 2.16095 0.978006 0.0003779 0.00769421 -0.208434
1403715534.470090160 0.745168 1.46155 2.14254 0.977045 0.000165792 0.00853675 -0.212863
1403715534.580160622 0.660468 1.32088 2.11289 0.974498 -0.00283526 0.00815137 -0.224232
1403715534.680243654 0.588616 1.19601 2.08506 0.97032 -0.00457248 0.0131336 -0.241426
1403715534.780079807 0.519529 1.07194 2.05592 0.964263 0.000354271 0.017415 -0.264373
1403715534.880067253 0.456922 0.949566 2.02616 0.955643 0.00332045 0.0281068 -0.293166
1403715534.990062658 0.394573 0.817337 1.99324 0.945581 0.00172122 0.0364418 -0.323334
1403715535.090067082 0.347144 0.697254 1.96325 0.936603 7.29324e-05 0.0453472 -0.347446
1403715535.210015182 0.30093 0.550706 1.9275 0.928118 0.0063667 0.0575378 -0.367757
1403715535.310073891 0.27302 0.426198 1.89919 0.922757 0.0102061 0.0650234 -0.379719
1403715535.410128687 0.25511 0.296078 1.87305 0.918608 0.0202974 0.066151 -0.389066
1403715535.510216084 0.243571 0.160563 1.84838 0.917099 0.0366669 0.0505228 -0.393741
1403715535.620085135 0.237316 0.00622414 1.82141 0.918168 0.0352242 0.0260944 -0.393759
1403715535.720035946 0.237872 -0.137864 1.79854 0.919831 0.0247956 0.0173712 -0.391145
1403715535.829984070 0.240086 -0.300189 1.77245 0.926363 0.0139932 0.013877 -0.376117
1403715535.929993769 0.246326 -0.448202 1.74995 0.933619 -0.0049492 0.0236288 -0.357454
1403715536.040114101 0.256648 -0.611528 1.72601 0.941833 -0.00445673 0.0334901 -0.334378
1403715536.160099764 0.275017 -0.789426 1.70108 0.947284 0.00307857 0.0436188 -0.317396
1403715536.260306457 0.301791 -0.933108 1.68346 0.950919 -0.00703698 0.055531 -0.304335
1403715536.370089815 0.340471 -1.08899 1.66716 0.953375 -0.0160895 0.057517 -0.295819
1403715536.470082706 0.38871 -1.22386 1.65631 0.956451 -0.03416 0.0507702 -0.285405
1403715536.580015185 0.454233 -1.36409 1.6469 0.957154 -0.053772 0.0452494 -0.280922
1403715536.690172447 0.531057 -1.49322 1.63932 0.959057 -0.0594913 0.0342388 -0.274771
1403715536.790142687 0.608008 -1.59569 1.63606 0.960391 -0.0658172 0.0122128 -0.270495
1403715536.910149836 0.707397 -1.69429 1.6348 0.960325 -0.0835751 -0.0102322 -0.26587
1403715537.010115897 0.791334 -1.75391 1.63542 0.957907 -0.105572 -0.0293308 -0.265344
1403715537.120066330 0.880245 -1.7926 1.63897 0.95535 -0.127392 -0.0505803 -0.261763
1403715537.230119361 0.958153 -1.79847 1.64835 0.953349 -0.127507 -0.0828422 -0.260776
1403715537.340013186 1.02387 -1.76979 1.66397 0.953728 -0.106256 -0.109491 -0.259084
1403715537.450126813 1.07319 -1.71215 1.68787 0.958088 -0.0614556 -0.102216 -0.260466
1403715537.540263850 1.10468 -1.64496 1.71216 0.961014 -0.0376352 -0.0700634 -0.264814
1403715537.660086361 1.12904 -1.54444 1.74512 0.962585 -0.00136179 -0.0319405 -0.269086
1403715537.770092497 1.13743 -1.44229 1.77402 0.961691 0.00184985 -0.0301045 -0.272472
1403715537.870206981 1.13541 -1.3486 1.79791 0.960903 0.00595749 -0.0432124 -0.273426
1403715537.980093495 1.12163 -1.24716 1.82415 0.959305 0.00989746 -0.0501859 -0.2777
1403715538.080152499 1.1009 -1.15574 1.84801 0.959325 0.0152768 -0.0407501 -0.278928
1403715538.200207119 1.06604 -1.04762 1.87143 0.957587 0.0216542 -0.0271468 -0.286043
1403715538.290148483 1.03171 -0.970225 1.87836 0.953985 0.0309612 -0.0236028 -0.297315
1403715538.410157900 0.97763 -0.868128 1.87253 0.947039 0.0223632 -0.0293702 -0.318991
1403715538.520131990 0.919578 -0.774654 1.86049 0.938625 0.00264997 -0.0453672 -0.341931
1403715538.620153449 0.859339 -0.688873 1.85158 0.929623 -0.0188922 -0.0499794 -0.364617
1403715538.730094048 0.782687 -0.591956 1.84264 0.918369 -0.0191971 -0.0512984 -0.391917
1403715538.830060823 0.708507 -0.500278 1.8359 0.905595 -0.0133616 -0.0356968 -0.422427
1403715538.940209500 0.622485 -0.394189 1.82641 0.887583 -0.0112934 -0.0157688 -0.46024
1403715539.040030223 0.541727 -0.294816 1.80653 0.866984 -0.0106502 -0.00808543 -0.498156
1403715539.140179147 0.459934 -0.194102 1.77419 0.843842 -0.00626615 -0.00412569 -0.536539
1403715539.260290835 0.363419 -0.0728037 1.71803 0.811562 0.000271981 -0.00347869 -0.584256
1403715539.370186812 0.278235 0.0372674 1.65498 0.784807 0.00103073 0.00693584 -0.619701
1403715539.480259963 0.195542 0.145433 1.5882 0.761212 0.00299754 0.0132751 -0.64836
1403715539.580211372 0.121835 0.239734 1.54252 0.742344 0.0121269 0.0138424 -0.669766
1403715539.680249555 0.0479732 0.330258 1.51355 0.733834 0.022027 0.00043708 -0.678972
1403715539.790202942 -0.0315329 0.424061 1.50227 0.724588 0.0261399 -0.0078758 -0.688642
1403715539.890135313 -0.103213 0.503345 1.50947 0.724381 0.0243704 -0.00447061 -0.688955
1403715540.010272404 -0.195229 0.589041 1.54093 0.725884 0.0384838 0.00247404 -0.686736
1403715540.110255734 -0.274411 0.647495 1.57477 0.72958 0.0616531 0.0146234 -0.680954
1403715540.220388234 -0.366886 0.699964 1.61489 0.731864 0.0786733 0.017298 -0.676673
1403715540.320253999 -0.453636 0.735479 1.65279 0.732867 0.074657 0.0147052 -0.676104
1403715540.430192808 -0.549847 0.758967 1.6944 0.736246 0.0565306 0.0278626 -0.673773
1403715540.530145105 -0.639676 0.765295 1.72762 0.738591 0.049347 0.0433139 -0.670949
1403715540.640151760 -0.739596 0.757196 1.75834 0.734624 0.0546217 0.054479 -0.674074
1403715540.760188651 -0.847709 0.726663 1.78868 0.731554 0.0697454 0.0559596 -0.675895
1403715540.870141843 -0.947856 0.68163 1.81185 0.727918 0.075003 0.039829 -0.680384
1403715540.970375942 -1.0368 0.62525 1.83155 0.728481 0.0657569 0.0316434 -0.681168
1403715541.080258966 -1.13619 0.549128 1.85119 0.72839 0.0545909 0.0269538 -0.682453
1403715541.190169820 -1.23775 0.459483 1.868 0.729096 0.0520912 0.0211761 -0.682098
1403715541.290139472 -1.33526 0.371132 1.88238 0.728032 0.0553502 -0.000383814 -0.683305
1403715541.410243889 -1.45275 0.257859 1.89733 0.725667 0.0412385 -0.00737843 -0.68677
1403715541.510211368 -1.5522 0.155606 1.90714 0.724608 0.0366292 0.0090527 -0.688127
1403715541.620189692 -1.6641 0.036542 1.91562 0.723011 0.0450477 0.0249561 -0.688915
1403715541.730291057 -1.77204 -0.0893794 1.92492 0.723042 0.034591 0.0444609 -0.688503
1403715541.840139536 -1.87239 -0.221578 1.93055 0.723279 0.00669356 0.0526855 -0.688511
1403715541.930272636 -1.9446 -0.334354 1.93581 0.725346 -0.0213871 0.0644641 -0.685025
1403715542.040240430 -2.0192 -0.476578 1.9416 0.73029 -0.0418418 0.06909 -0.678345
1403715542.140231417 -2.0715 -0.604822 1.94825 0.741769 -0.0542377 0.0582032 -0.66592
1403715542.260165436 -2.10802 -0.753413 1.95684 0.758238 -0.0729266 0.0444813 -0.646357
1403715542.360215698 -2.12338 -0.868742 1.96834 0.775078 -0.0741896 0.0173978 -0.627254
1403715542.460287387 -2.12676 -0.974036 1.98011 0.7936 -0.0635159 -0.0111452 -0.605012
1403715542.570207866 -2.12082 -1.07461 1.99325 0.809449 -0.0564619 -0.0356694 -0.58338
1403715542.680169642 -2.109 -1.16238 2.00509 0.820978 -0.0409787 -0.0303019 -0.56868
1403715542.790208972 -2.09515 -1.23236 2.01338 0.828543 -0.0390506 -0.0238841 -0.558051
1403715542.890356300 -2.08494 -1.28791 2.01552 0.833468 -0.0239553 -0.0207577 -0.551658
1403715543.010139980 -2.0728 -1.34234 2.00819 0.836075 -0.0180332 -0.0214714 -0.547898
1403715543.110224346 -2.06107 -1.37972 1.9942 0.834692 -0.0163082 -0.0206762 -0.550088
1403715543.210180205 -2.06198 -1.41584 1.97706 0.837777 -0.00690386 -0.0299554 -0.545147
1403715543.310303454 -2.06293 -1.44429 1.95866 0.837459 -0.00272195 -0.0381998 -0.545157
1403715543.420254752 -2.06518 -1.4642 1.94014 0.833091 -0.0118981 -0.0364083 -0.551808
1403715543.520329051 -2.07863 -1.48048 1.92504 0.833771 -0.0179714 -0.0327567 -0.550845
1403715543.620440012 -2.09828 -1.4876 1.90866 0.831977 -0.0162364 -0.0477724 -0.552512
1403715543.720308312 -2.11482 -1.48221 1.88963 0.830236 -0.0348617 -0.0467229 -0.554355
1403715543.827392661 -2.13225 -1.46409 1.8683 0.824134 -0.0618163 -0.039447 -0.561627
1403715543.930162687 -2.15126 -1.43272 1.8456 0.809111 -0.0782306 -0.0310575 -0.581596
1403715544.030181472 -2.16308 -1.38747 1.8209 0.794148 -0.0867441 -0.0143087 -0.601331
1403715544.150216946 -2.17139 -1.31853 1.78433 0.76659 -0.0728339 -0.00725189 -0.637952
1403715544.240184442 -2.17137 -1.25795 1.74574 0.7424 -0.0569412 -0.00499746 -0.667514
1403715544.360228159 -2.16592 -1.16633 1.67421 0.702872 -0.0320504 -0.0127435 -0.71048
1403715544.450202962 -2.15825 -1.09263 1.60894 0.670291 -0.0121186 -0.0198662 -0.741734
1403715544.540412733 -2.14537 -1.01577 1.5428 0.637164 -0.00886849 -0.0187322 -0.770449
1403715544.700356748 -2.11759 -0.871566 1.44624 0.595827 -0.00918962 -0.0188062 -0.80284
1403715544.820248855 -2.09395 -0.755585 1.41662 0.581923 -0.024088 -0.0216586 -0.812598
1403715544.920209082 -2.07211 -0.653384 1.42047 0.578989 -0.0253453 -0.022264 -0.814637
1403715545.020315227 -2.04748 -0.54721 1.4419 0.575971 -0.0226232 -0.0152721 -0.817014
1403715545.130224891 -2.01634 -0.427219 1.46591 0.570532 -0.0168183 -0.00833145 -0.821061
1403715545.240238335 -1.98204 -0.305915 1.48168 0.557948 -0.0126333 8.30371e-05 -0.82978
1403715545.340273143 -1.94944 -0.194896 1.48219 0.54385 -0.00778474 0.00393394 -0.839137
1403715545.440261848 -1.91864 -0.0805472 1.47478 0.53208 0.00158456 -0.014238 -0.846573
1403715545.560237961 -1.88369 0.0552019 1.47035 0.520186 0.0180217 -0.0335518 -0.853203
1403715545.670278663 -1.85665 0.18121 1.47561 0.513349 0.0250813 -0.0459052 -0.856584
1403715545.770268573 -1.83805 0.29707 1.48142 0.514692 0.0260056 -0.0425497 -0.855924
1403715545.880291375 -1.82723 0.428814 1.48632 0.523146 0.0243787 -0.0395193 -0.850977
1403715545.980324206 -1.82188 0.549728 1.49072 0.5396 0.0143562 -0.027685 -0.841344
1403715546.090351972 -1.82181 0.684126 1.49803 0.564908 0.00499865 -0.014174 -0.825017
1403715546.220418338 -1.82485 0.842812 1.50847 0.608125 -0.000125754 -0.0059307 -0.79382
1403715546.320412833 -1.82925 0.964548 1.51799 0.645631 0.00245949 -0.00819155 -0.763602
1403715546.420405800 -1.83217 1.08497 1.53111 0.680927 0.00296234 -0.00500479 -0.732328
1403715546.540225714 -1.83785 1.22717 1.54963 0.723666 0.00718454 -0.00717979 -0.690076
1403715546.641999858 -1.84192 1.3439 1.56837 0.759927 0.00596066 0.0028381 -0.649974
1403715546.760303983 -1.84389 1.47592 1.58758 0.799431 0.0113442 0.0238937 -0.600176
1403715546.860173660 -1.84501 1.57913 1.6003 0.828216 0.0257188 0.0368276 -0.558606
1403715546.960302156 -1.84256 1.6753 1.61387 0.853898 0.0291488 0.0465815 -0.517532
1403715547.060255931 -1.8336 1.76345 1.6266 0.877015 0.0201848 0.0569744 -0.476646
1403715547.170318934 -1.81607 1.84927 1.6393 0.90078 0.0128864 0.0583969 -0.430138
1403715547.280405444 -1.78777 1.92609 1.65337 0.921431 0.00323331 0.0634454 -0.383313
1403715547.380426011 -1.75002 1.98907 1.66449 0.935887 -0.00302348 0.0691799 -0.345428
1403715547.490241391 -1.69592 2.05155 1.6757 0.949199 -0.000829665 0.0752802 -0.305539
1403715547.590239752 -1.63273 2.10385 1.68287 0.959711 -0.00146539 0.0826448 -0.268555
1403715547.680217875 -1.56397 2.1476 1.68816 0.968468 -0.00266586 0.0870694 -0.233414
1403715547.800421740 -1.45336 2.20214 1.69469 0.978194 -0.00913668 0.0916188 -0.18617
1403715547.890265848 -1.35599 2.24093 1.69915 0.984209 -0.0109923 0.0901903 -0.151916
1403715548.010421321 -1.21076 2.29114 1.70475 0.990766 -0.0116807 0.0735258 -0.113315
1403715548.120163422 -1.06499 2.3374 1.70788 0.994801 -0.0140986 0.0473426 -0.0890593
1403715548.220273646 -0.924796 2.38091 1.70968 0.996557 -0.0173974 0.0271832 -0.0763741
1403715548.320310922 -0.780881 2.42739 1.70929 0.997186 -0.0219789 0.0137266 -0.0703476
1403715548.420247419 -0.634177 2.47651 1.70017 0.997173 -0.0247342 0.0113465 -0.0700415
1403715548.520373444 -0.487924 2.52991 1.68024 0.996919 -0.0264485 0.0112157 -0.0729906
1403715548.620283516 -0.34289 2.58546 1.65834 0.996721 -0.018793 0.0125303 -0.0777039
1403715548.730214100 -0.183166 2.64995 1.63366 0.996383 -0.0130892 0.0123647 -0.0830495
1403715548.830221036 -0.0395623 2.70978 1.6122 0.996133 -0.00566032 0.0106713 -0.0870198
1403715548.930334104 0.103735 2.77138 1.59154 0.995781 -0.00394388 0.00915961 -0.0912172
1403715549.030241025 0.24596 2.83429 1.57192 0.995967 -0.00579389 0.00696092 -0.0892565
1403715549.140235820 0.398114 2.90279 1.55068 0.996903 -0.0035221 -0.0035822 -0.0784748
1403715549.240280984 0.531766 2.96691 1.53335 0.997481 -0.0111616 -0.0168539 -0.0679976
1403715549.360344829 0.682494 3.04192 1.51291 0.99769 -0.00522092 -0.0350416 -0.057955
1403715549.470268434 0.811343 3.10714 1.49708 0.997942 0.0122743 -0.037423 -0.0506035
1403715549.580299011 0.932154 3.16922 1.4824 0.998336 0.0287588 -0.0227379 -0.0445003
1403715549.690216198 1.04445 3.22289 1.47011 0.997838 0.0442395 -0.00830826 -0.0478879
1403715549.810305509 1.15533 3.26827 1.45479 0.996376 0.0547509 -0.00571987 -0.0648421
1403715549.920434997 1.2513 3.29312 1.4452 0.992974 0.0767312 -0.0109052 -0.0894182
1403715550.020322013 1.33289 3.3019 1.43997 0.989275 0.0809906 -0.0115235 -0.12101
1403715550.120300553 1.40841 3.29246 1.43612 0.983261 0.090072 -0.00617053 -0.15826
1403715550.230426219 1.48406 3.2649 1.44257 0.976447 0.0780368 0.00118924 -0.201148
1403715550.340237879 1.5524 3.21601 1.46618 0.96801 0.0643544 0.00863255 -0.242363
1403715550.390330446 1.58097 3.18737 1.48196 0.963263 0.0581428 0.0104273 -0.261983
1403715550.580418692 1.67896 3.05613 1.54808 0.94216 0.0335758 0.00885255 -0.333359
1403715550.690352774 1.73014 2.96757 1.57598 0.925995 0.0392545 0.00473831 -0.375461
1403715550.810404685 1.77867 2.86235 1.58735 0.90639 0.050267 -0.00021386 -0.41944
1403715550.920346267 1.81265 2.75581 1.57882 0.886011 0.0690884 -0.0104259 -0.45837
1403715551.030393085 1.83851 2.64278 1.56616 0.86569 0.0746031 -0.017538 -0.49468
1403715551.130441461 1.84982 2.53075 1.5619 0.846191 0.0678134 -0.0183315 -0.528229
1403715551.240223566 1.84611 2.39773 1.57284 0.822704 0.0639848 -0.0224851 -0.56441
1403715551.340399649 1.8279 2.26863 1.59381 0.798511 0.0677928 -0.0290073 -0.597447
1403715551.440407676 1.79467 2.13527 1.61604 0.773536 0.0742171 -0.0392258 -0.628168
1403715551.540472140 1.74893 1.99966 1.63803 0.747226 0.0690607 -0.0442151 -0.659492
1403715551.650340520 1.68284 1.84973 1.66097 0.716917 0.0528143 -0.0472075 -0.693551
1403715551.750319861 1.61052 1.71736 1.68165 0.688691 0.0317599 -0.052377 -0.722463
1403715551.855754819 1.52689 1.59008 1.70122 0.658852 0.0154416 -0.0605243 -0.749675
1403715551.960433346 1.42646 1.46239 1.7223 0.623884 -0.00520092 -0.0705469 -0.778309
1403715552.060417361 1.32989 1.3581 1.73972 0.593053 -0.020789 -0.0696256 -0.801878
1403715552.170383176 1.2212 1.25881 1.75857 0.559375 -0.0287014 -0.0593297 -0.82629
1403715552.280397818 1.11424 1.17845 1.77473 0.523014 -0.0431194 -0.0526 -0.849606
1403715552.380369162 1.02134 1.12125 1.78796 -0.487438 0.0560337 0.051531 0.869833
1403715552.480323380 0.935063 1.07767 1.8004 -0.450226 0.0644143 0.0490015 0.889239
1403715552.590264691 0.849306 1.04816 1.81285 -0.403326 0.0661032 0.0543816 0.911044
1403715552.690435154 0.780832 1.03957 1.82229 -0.359888 0.0680787 0.0681444 0.92801
1403715552.790300379 0.722515 1.04529 1.83039 -0.309397 0.0633111 0.0740615 0.945928
1403715552.890487655 0.671746 1.06758 1.83543 -0.259641 0.0541316 0.0823086 0.960667
1403715552.990410092 0.628502 1.10684 1.83787 -0.209597 0.0396295 0.0913183 0.972707
1403715553.100342056 0.587697 1.17132 1.83606 -0.154202 0.0277084 0.104736 0.982082
1403715553.210483601 0.554223 1.25429 1.8309 -0.100632 0.0277512 0.101623 0.989331
1403715553.320363307 0.528509 1.361 1.82128 -0.0495273 0.0399941 0.106014 0.992325
1403715553.420545001 0.515243 1.47444 1.8096 -0.00309301 0.0631349 0.0992788 0.99305
1403715553.530388998 0.514582 1.61084 1.7927 0.0496199 0.0891657 0.0718926 0.992179
1403715553.640405189 0.532488 1.75937 1.77223 0.0933756 0.102653 0.045089 0.989298
1403715553.750435819 0.56927 1.91431 1.75212 0.124736 0.0925656 0.0283041 0.987457
1403715553.862712547 0.622983 2.07106 1.73482 0.144187 0.056984 0.0128316 0.987825
1403715553.970401014 0.689906 2.2249 1.7193 0.153138 0.0209677 0.00321763 0.987977
1403715554.070380907 0.753219 2.36382 1.70813 0.157323 -0.0141058 0.00524568 0.987433
1403715554.170481496 0.811591 2.50116 1.69737 0.155538 -0.0528607 0.00871022 0.986376
1403715554.270535248 0.861372 2.63762 1.68526 0.154734 -0.0787022 0.0113212 0.984751
1403715554.370592810 0.896698 2.77064 1.67072 0.14952 -0.0943331 -0.00504534 0.984236
1403715554.480441778 0.920966 2.90511 1.64226 0.134959 -0.0808951 -0.0646442 0.985425
1403715554.580477711 0.929072 3.00824 1.60324 0.114405 -0.0526411 -0.14455 0.981451
1403715554.680582569 0.922962 3.08505 1.55249 0.0984335 -0.0269472 -0.211617 0.97201
1403715554.780518165 0.907207 3.12313 1.49758 0.0888976 -0.00358023 -0.256398 0.962468
1403715554.880806620 0.888662 3.10928 1.45009 0.0875502 0.018314 -0.264715 0.960169
1403715554.990506521 0.866298 3.01382 1.43076 0.0907478 0.0389495 -0.243362 0.964895
1403715555.090507478 0.848364 2.8644 1.44841 0.10114 0.0381188 -0.173871 0.978819
1403715555.200468260 0.832119 2.66068 1.48801 0.113266 0.0208421 -0.0637275 0.9913
1403715555.300525446 0.818446 2.46752 1.51508 0.117351 -0.00321768 0.0455944 0.992038
1403715555.400521310 0.807816 2.27522 1.52172 0.11927 -0.0131554 0.107296 0.986959
1403715555.510522310 0.799267 2.07864 1.52888 0.120719 -0.00265574 0.110462 0.986518
1403715555.620580479 0.793817 1.91184 1.55183 0.121286 0.0109842 0.0894907 0.988514
1403715555.720510700 0.789899 1.78422 1.58772 0.118333 0.00857866 0.0675263 0.990638
1403715555.820840381 0.788695 1.68046 1.63613 0.11221 -0.00140596 0.0745393 0.990884
1403715555.930546707 0.79074 1.5896 1.70444 0.106846 -0.00863047 0.0897266 0.990181
1403715556.040405456 0.792446 1.5232 1.77791 0.102394 -0.0184409 0.105065 0.989008
1403715556.150415257 0.794001 1.48186 1.8379 0.099804 -0.0223477 0.125363 0.986825
1403715556.260368035 0.796828 1.46565 1.89068 0.0985409 -0.00926837 0.124905 0.98722
1403715556.370457569 0.799051 1.47792 1.943 0.0955478 -0.00132296 0.111333 0.989178
1403715556.480543502 0.802733 1.51432 1.98866 0.0908841 0.00167898 0.0931477 0.991494
1403715556.580534254 0.804891 1.55995 2.01757 0.0865494 -0.00568643 0.0566516 0.994619
1403715556.690510540 0.807444 1.62303 2.03071 0.082973 -0.0150234 0.0305937 0.995969
1403715556.790409988 0.807109 1.68683 2.0274 0.0787006 -0.0257263 0.013503 0.996475
1403715556.900472165 0.804138 1.75923 2.0118 0.0753745 -0.0258992 -0.00242619 0.996816
1403715557.000422586 0.79604 1.82287 1.99745 0.0738475 -0.0265135 -0.0158314 0.996791
1403715557.110583163 0.776469 1.89334 1.98269 0.0734141 -0.0450627 -0.00295118 0.996279
1403715557.220505823 0.744926 1.96184 1.97132 0.0743109 -0.0646164 0.0098567 0.995091
1403715557.330495595 0.700426 2.03007 1.96027 0.0763027 -0.0779092 0.0164717 0.9939
1403715557.430440591 0.645298 2.09328 1.94934 0.0774262 -0.0817194 0.0181715 0.993477
1403715557.540447431 0.572014 2.16298 1.93513 0.0802424 -0.0627551 0.0120485 0.994725
1403715557.650493237 0.485297 2.23216 1.91908 0.0819823 -0.0401774 -0.00265624 0.99582
1403715557.750422113 0.398373 2.29352 1.90374 0.0845023 -0.0231827 -0.012721 0.996072
1403715557.860456333 0.295375 2.35904 1.89364 0.0887604 -0.0172257 -0.00922101 0.995861
1403715557.960527760 0.196979 2.4145 1.89602 0.0957499 -0.0186917 -0.00432393 0.995221
1403715558.070500602 0.0865485 2.47169 1.91331 0.100106 -0.0178034 5.07967e-05 0.994817
1403715558.170562080 -0.0181766 2.52137 1.94118 0.103822 -0.0210971 0.0005932 0.994372
1403715558.270584821 -0.125374 2.56763 1.97184 0.107575 -0.0246805 -0.00742803 0.993863
1403715558.370617971 -0.235065 2.60912 1.99976 0.108589 -0.0203141 -0.0235482 0.9936
1403715558.480473568 -0.354641 2.65145 2.0255 0.10911 -0.00025376 -0.0278425 0.99364
1403715558.580493007 -0.460526 2.68596 2.03758 0.108409 0.0262613 -0.0196625 0.993565
1403715558.680479427 -0.562295 2.71612 2.03831 0.1083 0.0434389 -0.00878715 0.99313
1403715558.790412612 -0.667363 2.74285 2.03014 0.102763 0.0472743 -0.00936357 0.993538
1403715558.900430345 -0.760007 2.76161 2.02189 0.0890823 0.0463221 -0.0224597 0.994693
1403715559.000511793 -0.832005 2.775 2.01701 0.0713882 0.0497585 -0.0273186 0.995832
1403715559.100642629 -0.8935 2.78107 2.01608 0.0489975 0.0498992 -0.0315952 0.997051
1403715559.200517794 -0.94294 2.77838 2.01696 0.0237913 0.052243 -0.0359188 0.997705
1403715559.310597571 -0.98543 2.76777 2.02015 -0.00688329 0.053908 -0.0387454 0.99777
1403715559.420617906 -1.01429 2.7457 2.02228 -0.0384835 0.049342 -0.0469385 0.996936
1403715559.530642291 -1.03525 2.71617 2.02067 -0.0657685 0.0271703 -0.0424852 0.99656
1403715559.630614082 -1.04784 2.68334 2.00613 -0.0800255 0.0100769 -0.0300219 0.99629
1403715559.730516016 -1.05474 2.64306 1.97783 -0.0948106 0.0010399 -0.0302761 0.995034
1403715559.840466996 -1.05971 2.59251 1.94031 -0.112973 4.55153e-05 -0.0344138 0.993002
1403715559.950531406 -1.06374 2.53441 1.90345 -0.136493 -0.00126187 -0.0394177 0.989856
1403715560.050425984 -1.06555 2.47236 1.87113 -0.158648 -0.00126096 -0.0489021 0.986123
1403715560.150474222 -1.06643 2.40075 1.84518 -0.183829 -0.00283198 -0.0572958 0.981283
1403715560.260512113 -1.06702 2.31444 1.83067 -0.211158 -0.0075721 -0.0421605 0.976513
1403715560.370498603 -1.06726 2.21732 1.83147 -0.239096 -0.0120195 -0.0304707 0.970443
1403715560.470566732 -1.06806 2.12243 1.83527 -0.2638 -0.0150509 -0.0248982 0.964139
1403715560.570627395 -1.07008 2.02412 1.83728 -0.288716 -0.0163856 -0.0170892 0.957122
1403715560.670604697 -1.07224 1.92266 1.83909 -0.310894 -0.0128667 -0.0154861 0.950231
1403715560.780506729 -1.07667 1.80575 1.84274 -0.342807 -0.012065 -0.0200624 0.939114
1403715560.880526336 -1.07959 1.69566 1.84604 -0.369876 -0.0070514 -0.0313973 0.928524
1403715560.980643343 -1.08268 1.58186 1.84993 -0.397107 -0.00400268 -0.038223 0.916967
1403715561.090561851 -1.08409 1.45353 1.85389 -0.432773 -0.00334662 -0.0354314 0.9008
1403715561.200468254 -1.08515 1.32014 1.85721 -0.465394 -0.0106393 -0.0251159 0.884683
1403715561.300680117 -1.08654 1.19681 1.86058 -0.487763 -0.0164812 -0.00977122 0.872766
1403715561.400752269 -1.08903 1.07156 1.86222 0.504604 0.0253242 -0.00793994 -0.862943
1403715561.510563512 -1.09328 0.932865 1.86403 0.526173 0.0233053 -0.00972031 -0.850003
1403715561.620639856 -1.09915 0.796204 1.86656 0.545983 0.0105179 -0.00578391 -0.83771
1403715561.730651923 -1.10606 0.661108 1.86943 0.565517 -0.0032749 0.00095827 -0.82473
1403715561.840470041 -1.11061 0.530296 1.87289 0.585545 -0.0195341 -0.00175006 -0.810403
1403715561.940533886 -1.11205 0.415506 1.87708 0.608184 -0.0298301 -0.0040638 -0.793225
1403715562.050466423 -1.10676 0.298866 1.88323 0.631687 -0.0452073 -0.0153726 -0.773752
1403715562.150518583 -1.09486 0.204602 1.89157 0.643765 -0.0625594 -0.0225476 -0.762329
1403715562.260661754 -1.0713 0.112585 1.90052 0.65352 -0.0731154 -0.0261274 -0.752916
1403715562.360582613 -1.04027 0.0411406 1.91108 0.659666 -0.0739787 -0.00949972 -0.747849
1403715562.470575742 -0.990943 -0.0249864 1.92386 0.662924 -0.0702739 0.0248517 -0.744967
1403715562.570542254 -0.932447 -0.0761794 1.93322 0.666808 -0.0706985 0.0445651 -0.740529
1403715562.680604032 -0.854093 -0.126141 1.94269 0.67894 -0.06288 0.0452695 -0.730094
1403715562.790634553 -0.764473 -0.171529 1.95266 0.689442 -0.0360721 0.0301758 -0.722812
1403715562.890661196 -0.67322 -0.210932 1.96078 0.697919 -0.0123022 0.0167147 -0.715876
1403715562.990636258 -0.578558 -0.248507 1.96607 0.713501 -0.000983881 0.00667511 -0.700622
1403715563.100545720 -0.472988 -0.287814 1.9705 0.731186 -0.000831232 -0.00280461 -0.682172
1403715563.200549940 -0.375666 -0.320656 1.97315 0.751855 -0.0153033 -0.00611715 -0.659122
1403715563.300665105 -0.281318 -0.348698 1.97326 0.775815 -0.0255137 -0.0182324 -0.630181
1403715563.410623061 -0.179455 -0.372382 1.97506 0.807033 -0.031419 -0.0272364 -0.58904
1403715563.510781600 -0.0854841 -0.385394 1.97423 0.833637 -0.0461229 -0.0222202 -0.549935
1403715563.610786042 0.00498029 -0.389187 1.96273 0.857437 -0.0493914 -0.0256623 -0.511569
1403715563.720597047 0.104689 -0.381192 1.93712 0.879735 -0.061003 -0.0234012 -0.470953
1403715563.820655945 0.191678 -0.361468 1.90166 0.897908 -0.0721205 -0.0291716 -0.433255
1403715563.920675951 0.275804 -0.332527 1.85896 0.914509 -0.0573799 -0.0386148 -0.39861
1403715564.030851955 0.361091 -0.289899 1.8025 0.934265 -0.0321845 -0.0475689 -0.351925
1403715564.140809684 0.43724 -0.237876 1.74367 0.951603 -0.00692827 -0.0504857 -0.303076
1403715564.250652732 0.500908 -0.179012 1.6886 0.965518 0.00678383 -0.0523702 -0.254922
1403715564.360651279 0.550725 -0.118218 1.64459 0.978192 0.0108767 -0.0503546 -0.201214
1403715564.470722059 0.588818 -0.057982 1.61826 0.989154 0.00972102 -0.0291135 -0.143642
1403715564.580787554 0.61712 0.000511897 1.61156 0.996398 0.00719825 -0.0116739 -0.0836814
1403715564.695891987 0.639112 0.0591269 1.62351 0.99965 -0.00134641 -0.000958123 -0.0263922
1403715564.800734326 0.657824 0.117796 1.65168 0.999462 -0.0148919 0.000794948 0.0292166
1403715564.910527373 0.674127 0.17825 1.69593 0.996154 -0.0244404 -0.003543 0.084064
1403715565.010594678 0.685293 0.235372 1.74838 0.991034 -0.0264694 -0.0131554 0.130299
1403715565.110600489 0.693273 0.296707 1.81247 0.983598 -0.0282748 -0.0163112 0.177397
1403715565.220655185 0.699745 0.366463 1.88213 0.973115 -0.0246925 -0.0161207 0.228424
1403715565.320688710 0.698736 0.429151 1.93198 0.962448 -0.00746534 -0.0195343 0.27066
1403715565.420759109 0.694338 0.492872 1.96862 0.950209 -0.00050068 -0.0283045 0.310326
1403715565.520726274 0.68478 0.552672 1.99316 0.936414 0.00953278 -0.0371324 0.348797
1403715565.630715765 0.667433 0.61317 2.01466 0.916809 0.0172342 -0.04385 0.396536
1403715565.730680862 0.645088 0.659346 2.03904 0.896264 0.027772 -0.0430242 0.440555
1403715565.830606090 0.615738 0.700515 2.06988 0.871053 0.0192206 -0.0371277 0.489406
1403715565.940588418 0.579362 0.733958 2.10706 0.835529 0.0244628 -0.0288115 0.548144
1403715566.040530986 0.539692 0.757432 2.1403 0.799088 0.0216271 -0.0289186 0.600129
1403715566.150560708 0.49384 0.773712 2.17409 0.756715 0.0173131 -0.0314773 0.652758
1403715566.260585613 0.447094 0.780734 2.20774 0.7117 0.0251065 -0.0258065 0.701561
1403715566.370659039 0.397382 0.778278 2.23954 0.665745 0.0207188 -0.0277218 0.745376
1403715566.480612853 0.350079 0.767017 2.2619 0.615793 0.0232092 -0.0249758 0.78717
1403715566.580760176 0.304265 0.748936 2.27026 0.573065 0.0221833 -0.0315925 0.8186
1403715566.680710353 0.25959 0.722483 2.265 0.531994 0.0246582 -0.0376125 0.845553
1403715566.780745558 0.218009 0.688024 2.25516 0.485931 0.0260116 -0.0368797 0.872831
1403715566.890671306 0.174448 0.640067 2.24518 0.430154 0.0281626 -0.0335441 0.901692
1403715567.000641963 0.135373 0.582823 2.2372 0.366609 0.0338625 -0.0278823 0.929341
1403715567.090594924 0.105991 0.529128 2.23099 0.309705 0.0302414 -0.0238347 0.950053
1403715567.210626817 0.0736081 0.452159 2.22377 0.227463 0.0286255 -0.00795597 0.973333
1403715567.320674718 0.048736 0.376773 2.21533 0.148076 0.020004 -0.00247602 0.988771
1403715567.430643621 0.0279392 0.297869 2.20372 0.0671985 0.00813692 -0.00744557 0.997679
1403715567.540636958 0.00962705 0.21862 2.18011 -0.0134485 0.00140044 -0.00948204 0.999864
1403715567.640720017 -0.00439201 0.144766 2.14445 -0.0806072 -0.000744669 -0.00472302 0.996734
1403715567.750631802 -0.0187841 0.0592223 2.09746 -0.155633 0.00132745 -0.0170802 0.987666
1403715567.860648053 -0.0308171 -0.024645 2.04789 -0.225305 0.00965558 -0.00941502 0.974195
1403715567.960665110 -0.0390271 -0.10493 2.00524 -0.289003 0.0167443 -0.0149697 0.957065
1403715568.060588116 -0.0419161 -0.185625 1.96463 -0.349655 0.024983 -0.0192558 0.936347
1403715568.170739021 -0.0375097 -0.273972 1.92255 -0.408549 0.0349937 -0.0177292 0.911893
1403715568.270718048 -0.027016 -0.351939 1.88673 -0.462974 0.0377482 -0.00754111 0.885536
1403715568.380662399 -0.00630077 -0.435395 1.84928 0.517583 -0.0407911 0.00469361 -0.854648
1403715568.490727815 0.0243877 -0.513876 1.81542 0.569747 -0.0413169 0.00147169 -0.820779
1403715568.600818847 0.06329 -0.586608 1.78821 0.618591 -0.0421982 0.00106544 -0.784579
1403715568.710714730 0.110829 -0.651514 1.76754 0.666143 -0.0413604 0.00293814 -0.74467
1403715568.810651374 0.160486 -0.704079 1.75413 0.705439 -0.0368715 0.000497276 -0.707811
1403715568.920673379 0.221738 -0.75493 1.74264 0.746942 -0.0374536 0.00554454 -0.66381
1403715569.030653229 0.289025 -0.799924 1.73204 0.779703 -0.0301567 0.00924759 -0.625354
1403715569.140609433 0.360535 -0.838195 1.71984 0.808836 -0.0241147 0.01221 -0.587413
1403715569.240705935 0.429011 -0.869126 1.7085 0.831309 -0.0200845 0.0121631 -0.555315
1403715569.350675837 0.505817 -0.897615 1.69663 0.853091 -0.0213479 -0.00248869 -0.52132
1403715569.450761164 0.57556 -0.918018 1.68756 0.868172 -0.0287594 -0.0154396 -0.495189
1403715569.560612560 0.652566 -0.931504 1.67944 0.882398 -0.0360499 -0.0231651 -0.468547
1403715569.660666601 0.721098 -0.935636 1.67426 0.89602 -0.0398699 -0.0231063 -0.441617
1403715569.770689260 0.79449 -0.930482 1.67092 0.911768 -0.0352511 -0.0184347 -0.408775
1403715569.870714315 0.85834 -0.916474 1.66888 0.927701 -0.030754 -0.0145869 -0.37177
1403715569.980670983 0.925972 -0.890536 1.66747 0.943893 -0.0287025 -0.0211832 -0.328319
1403715570.080742764 0.98476 -0.859553 1.66616 0.956993 -0.0282843 -0.0256071 -0.287592
1403715570.180765071 1.03883 -0.820201 1.66378 0.968515 -0.029914 -0.0287311 -0.245475
1403715570.290687567 1.09173 -0.769477 1.65947 0.979798 -0.0277003 -0.0321387 -0.195439
1403715570.400639398 1.13649 -0.710054 1.65446 0.988904 -0.0305357 -0.0365588 -0.140711
1403715570.490657235 1.16545 -0.656737 1.64751 0.994265 -0.0215134 -0.043041 -0.0955039
1403715570.610709517 1.19396 -0.575346 1.63807 0.99779 -0.0324839 -0.0489046 -0.0311318
1403715570.714016745 1.20876 -0.504099 1.62871 0.998632 -0.0252626 -0.0406216 0.0211015
1403715570.820695321 1.2145 -0.421074 1.61536 0.995464 -0.0247436 -0.0360115 0.084515
1403715570.930664414 1.21046 -0.334686 1.60298 0.988891 -0.0157787 -0.0303322 0.144656
1403715571.040814800 1.19862 -0.245496 1.58819 0.980045 -0.0140977 -0.0219277 0.197059
1403715571.150767538 1.17873 -0.155508 1.5732 0.972166 -0.0081422 -0.0168895 0.233543
1403715571.250671873 1.15549 -0.0755528 1.55977 0.966746 0.00370521 -0.0252769 0.25446
1403715571.360887023 1.1206 0.0111262 1.54565 0.962412 0.000663012 -0.0439751 0.26801
1403715571.470849590 1.07945 0.0932732 1.536 0.961166 8.84118e-05 -0.04212 0.272737
1403715571.570869640 1.03816 0.164082 1.52847 0.961223 0.00346407 -0.0218165 0.274887
1403715571.680812946 0.992214 0.23337 1.51179 0.960542 0.0328677 0.0158134 0.275732
1403715571.780716185 0.956207 0.290501 1.48402 0.958754 0.0613138 0.0561791 0.271801
1403715571.890799915 0.930159 0.345522 1.44433 0.95387 0.0813361 0.0975757 0.272021
1403715572.000777271 0.929525 0.388183 1.40601 0.951357 0.0845633 0.130343 0.266045
1403715572.110765069 0.962017 0.425132 1.37387 0.950745 0.0597553 0.149649 0.264797
1403715572.200747584 1.01117 0.452985 1.35025 0.951691 0.0190601 0.140299 0.272465
1403715572.320704021 1.09951 0.491276 1.32013 0.952584 -0.0311062 0.0817432 0.291433
1403715572.430797647 1.19611 0.533361 1.28895 0.947216 -0.0543265 0.0227928 0.315138
1403715572.540697570 1.29728 0.584198 1.25804 0.937179 -0.0554146 -0.0151509 0.344085
1403715572.640750961 1.3839 0.640472 1.23131 0.92581 -0.0552054 -0.0312048 0.372632
1403715572.750680612 1.46871 0.709993 1.20406 0.912284 -0.0526545 -0.0352317 0.404629
1403715572.860688901 1.5396 0.786407 1.18695 0.897368 -0.0430224 -0.0264324 0.438386
1403715572.970829561 1.59641 0.867984 1.18506 0.880423 -0.0329105 -0.0236035 0.472456
1403715573.070731567 1.63791 0.943358 1.19397 0.864926 -0.0188649 -0.0215872 0.501081
1403715573.180723620 1.67455 1.02769 1.21796 0.844964 -0.00859086 -0.0203684 0.534365
1403715573.280720179 1.70171 1.10265 1.24461 0.825554 -0.000690159 -0.0141296 0.564146
1403715573.380841230 1.72573 1.17747 1.27067 0.804646 -0.000161457 -0.0048048 0.593735
1403715573.490699886 1.75196 1.25537 1.29702 0.781332 0.00760899 0.00580779 0.624043
1403715573.590696653 1.77671 1.32455 1.31889 0.759183 0.0128466 0.0186442 0.650484
1403715573.690746137 1.80315 1.39432 1.34033 0.737021 0.00818334 0.0235087 0.675412
1403715573.800817703 1.83076 1.47245 1.36441 0.711052 -0.0148942 0.0171365 0.702772
1403715573.900794251 1.85778 1.54708 1.38575 0.685543 -0.031006 0.0192196 0.727117
1403715574.000753730 1.88452 1.62529 1.40635 0.655979 -0.0343354 0.0260972 0.753546
1403715574.110759810 1.90981 1.7206 1.43065 0.618953 -0.0421617 0.0334736 0.783581
1403715574.210850653 1.92925 1.81386 1.45318 0.582259 -0.0408625 0.0315706 0.811361
1403715574.310828020 1.94338 1.91112 1.47429 0.545829 -0.0320767 0.0121085 0.837195
1403715574.420776123 1.95082 2.02139 1.49457 0.509321 -0.0325533 -0.0170523 0.859792
1403715574.530822023 1.94972 2.13068 1.51269 0.484904 -0.0332421 -0.0389344 0.873068
1403715574.630943947 1.93754 2.2271 1.5261 0.464847 -0.0399996 -0.0448851 0.883347
1403715574.740769178 1.91161 2.32609 1.53938 0.44785 -0.0439205 -0.0469635 0.891794
1403715574.840625322 1.87554 2.41067 1.5505 0.433745 -0.0422201 -0.0343258 0.899391
1403715574.950784710 1.8266 2.49768 1.56444 0.428279 -0.0260546 -0.0125627 0.903184
1403715575.060773035 1.76725 2.579 1.58314 0.425236 -0.0110736 -0.00997565 0.90496
1403715575.160789444 1.70607 2.6469 1.59874 0.422387 0.00203855 -0.0151537 0.906287
1403715575.260813473 1.64469 2.70548 1.61415 0.426072 0.0262092 -0.0302088 0.903805
1403715575.370852790 1.57554 2.76325 1.63365 0.434921 0.0294586 -0.0339213 0.899347
1403715575.480777032 1.50427 2.81196 1.6544 0.443565 0.0143443 -0.0265801 0.895733
1403715575.590743095 1.42808 2.84433 1.67636 0.4493 0.00100268 -0.0461009 0.89219
1403715575.690793811 1.35535 2.86285 1.69955 0.453346 -0.00615697 -0.0697441 0.888581
1403715575.800760504 1.26861 2.86909 1.72407 0.460075 -0.00647466 -0.0801488 0.884232
1403715575.900823736 1.1806 2.8619 1.74661 0.464585 -0.0123311 -0.079032 0.881908
1403715576.010705593 1.077 2.84166 1.76939 0.468066 -0.0064838 -0.054308 0.881999
1403715576.110724668 0.975598 2.81105 1.78897 0.469635 -0.0034537 -0.040376 0.88193
1403715576.220837289 0.861085 2.76907 1.8072 0.471308 0.00464931 -0.0260648 0.881571
1403715576.321027309 0.755054 2.72422 1.82343 0.469438 0.0128003 -0.0210344 0.882622
1403715576.420921743 0.650847 2.67163 1.84053 0.467915 0.0283647 -0.0238728 0.882995
1403715576.530832815 0.537943 2.60417 1.86229 0.46575 0.0431806 -0.0368431 0.883094
1403715576.640726977 0.43074 2.52375 1.88558 0.467601 0.0536543 -0.0532612 0.8807
1403715576.750781293 0.328846 2.42908 1.91086 0.47569 0.0502733 -0.0592716 0.876173
1403715576.860723745 0.23377 2.32245 1.93852 0.486954 0.0376375 -0.0456819 0.87142
1403715576.960842365 0.14914 2.21352 1.96503 0.496895 0.0194804 -0.0371186 0.866797
1403715577.070850310 0.061007 2.08502 1.9929 0.508595 0.0143048 -0.0217387 0.860613
1403715577.170927742 -0.0157527 1.96437 2.01479 0.521552 0.0184377 -0.00393198 0.853011
1403715577.280908238 -0.0970943 1.82925 2.02449 0.53319 0.0233852 0.00840067 0.84563
1403715577.390782966 -0.176529 1.69196 2.00658 0.540835 0.0181839 0.00141311 0.840931
1403715577.500879036 -0.250572 1.5555 1.97457 0.545521 0.0152995 -0.00430578 0.837947
1403715577.600937221 -0.313502 1.43178 1.94847 0.548073 0.0116072 -0.00782136 0.836313
1403715577.710752989 -0.376345 1.29468 1.93303 0.550253 0.0143731 -0.00161936 0.834873
1403715577.810882577 -0.427241 1.17099 1.93161 0.54989 0.0227929 0.0119381 0.834841
1403715577.910956642 -0.47478 1.04778 1.92559 0.556409 0.0268034 0.0167737 0.830307
1403715578.020772273 -0.519031 0.916509 1.90246 0.568781 0.0306301 0.0335076 0.821235
1403715578.120830680 -0.549379 0.801587 1.86661 0.585453 0.031212 0.0584627 0.807993
1403715578.230853328 -0.569506 0.685178 1.81566 0.607334 0.032329 0.0931094 0.788309
1403715578.330809229 -0.576898 0.584117 1.76755 0.634415 0.0296447 0.0872187 0.767484
1403715578.430848748 -0.571208 0.495725 1.72149 0.661963 0.0225006 0.0787288 0.745051
1403715578.540892254 -0.5526 0.410954 1.67104 0.691061 0.000441394 0.0658379 0.719792
1403715578.650817641 -0.524641 0.344699 1.61944 0.71252 -0.0398308 0.0715969 0.696852
1403715578.750795946 -0.495458 0.302627 1.57221 0.724252 -0.0736961 0.0819774 0.680667
1403715578.861000205 -0.460687 0.278973 1.52322 0.734983 -0.0894696 0.0887674 0.66627
1403715578.970838498 -0.428848 0.280025 1.47722 0.741085 -0.0887156 0.0725155 0.661562
1403715579.080828220 -0.405248 0.307244 1.43725 0.746069 -0.0857781 0.0319682 0.659546
1403715579.180815747 -0.398019 0.352024 1.41396 0.746417 -0.0902861 -0.0144494 0.659167
1403715579.290942438 -0.409736 0.414652 1.40249 0.741993 -0.0896904 -0.0594413 0.661717
1403715579.390996284 -0.438762 0.481821 1.39586 0.742625 -0.0854376 -0.0676238 0.660784
1403715579.510874136 -0.501621 0.568853 1.38906 0.743239 -0.0851356 -0.0606057 0.660814
1403715579.610794475 -0.570829 0.645106 1.38359 0.745353 -0.0724775 -0.0374148 0.661661
1403715579.720942413 -0.666932 0.730705 1.37967 0.744222 -0.0589527 -0.0328548 0.664514
1403715579.821042970 -0.768977 0.810549 1.38144 0.742046 -0.0482158 -0.0339264 0.667752
1403715579.930854183 -0.896265 0.900745 1.3971 0.742917 -0.0438646 -0.0378143 0.666873
1403715580.040842921 -1.03272 0.989072 1.41656 0.752009 -0.0302666 -0.0312379 0.657717
1403715580.140902230 -1.16508 1.06852 1.42472 0.764391 -0.0194377 -0.0282185 0.643842
1403715580.240844049 -1.30284 1.1468 1.42027 0.78146 -0.0143565 -0.0242024 0.623321
1403715580.350827448 -1.45632 1.2291 1.40859 0.801994 -0.00179407 -0.0144882 0.597154
1403715580.450860284 -1.59651 1.29953 1.3983 0.820695 0.0129581 -0.00620315 0.571185
1403715580.550862555 -1.73373 1.36562 1.39037 0.837133 0.0275167 0.00506558 0.546283
1403715580.660892706 -1.87787 1.43306 1.38391 0.850036 0.0379114 0.0245684 0.524783
1403715580.770883211 -2.00818 1.49305 1.37635 0.856791 0.0523197 0.0445081 0.511068
1403715580.870990516 -2.11054 1.54154 1.37138 0.860337 0.0648561 0.064433 0.501459
1403715580.980900667 -2.19869 1.5869 1.36864 0.861042 0.0871129 0.0899772 0.492872
1403715581.090827537 -2.25973 1.62897 1.37258 0.862019 0.0769066 0.103177 0.490268
1403715581.200970212 -2.29204 1.66654 1.38005 0.865333 0.0525068 0.10024 0.488257
1403715581.310774493 -2.297 1.70022 1.38843 0.867577 0.041783 0.0826797 0.488599
1403715581.410894005 -2.27957 1.72921 1.39503 0.862833 0.0457623 0.0718213 0.498263
1403715581.520870767 -2.24572 1.76324 1.40143 0.854488 0.0255222 0.0510979 0.516322
1403715581.620883354 -2.20638 1.79513 1.3991 0.840959 0.00112814 0.0241934 0.540557
1403715581.720908273 -2.16094 1.82698 1.38303 0.824191 -0.0168935 0.00757858 0.566009
1403715581.830839186 -2.11321 1.86501 1.36254 0.799517 -0.0359049 -0.0129271 0.599429
1403715581.930947790 -2.07509 1.9031 1.35398 0.775387 -0.0445247 -0.0204351 0.629583
1403715582.040937568 -2.04168 1.94582 1.35938 0.750433 -0.0316869 -0.0234622 0.659769
1403715582.140875816 -2.01831 1.9831 1.37141 0.729178 -0.0079886 -0.0323429 0.683513
1403715582.240893548 -2.00296 2.01813 1.38146 0.712519 0.00633261 -0.0405425 0.700452
1403715582.350862664 -1.99053 2.05486 1.37929 0.702634 0.0011064 -0.0325751 0.710805
1403715582.450925228 -1.98642 2.08503 1.3723 0.697677 -0.016176 -0.026182 0.715751
1403715582.550917894 -1.98633 2.11244 1.36695 0.695124 -0.0314402 -0.0167084 0.718008
1403715582.651089575 -1.99041 2.14071 1.3716 0.69754 -0.0405394 -0.00478268 0.715382
1403715582.750956912 -1.99975 2.17179 1.38447 0.699868 -0.0423017 0.00306354 0.713012
1403715582.840914280 -2.01254 2.20521 1.39169 0.704545 -0.0485901 0.0110239 0.707908
1403715582.960983478 -2.03474 2.25915 1.38691 0.709731 -0.0616691 0.0229673 0.701392
1403715583.060932924 -2.05829 2.31444 1.36921 0.714007 -0.0722969 0.0293764 0.695776
1403715583.171059417 -2.08591 2.38301 1.33879 0.719218 -0.0596836 0.0255969 0.691743
1403715583.281004351 -2.11728 2.4593 1.3091 0.722857 -0.0296774 0.00471528 0.690344
1403715583.380976384 -2.1465 2.53097 1.28027 0.725368 0.0065743 -0.0124145 0.688218
1403715583.490919630 -2.17847 2.6062 1.24651 0.725556 0.0408143 -0.027553 0.686399
1403715583.601087070 -2.20964 2.66824 1.21168 0.722507 0.068331 -0.0510848 0.686079
1403715583.700888023 -2.23527 2.70236 1.17795 0.717101 0.0973699 -0.0843322 0.684962
1403715583.810870963 -2.26092 2.70884 1.14345 0.710054 0.124735 -0.1172 0.683029
1403715583.910944370 -2.28053 2.67656 1.12496 0.703763 0.143829 -0.127308 0.683976
1403715584.011161056 -2.29675 2.60202 1.12933 0.704179 0.145623 -0.116911 0.685024
1403715584.120930817 -2.30604 2.47201 1.16166 0.706327 0.136161 -0.0824316 0.689758
1403715584.231055970 -2.30363 2.30382 1.21715 0.709212 0.111195 -0.0337564 0.695353
1403715584.341169318 -2.29002 2.11385 1.28074 0.711492 0.0660975 0.0119658 0.699476
1403715584.451002643 -2.26574 1.91566 1.32068 0.71125 0.0311841 0.0407141 0.701066
1403715584.560963293 -2.22976 1.7167 1.3366 0.710764 0.0152387 0.0574861 0.700912
1403715584.661034738 -2.19061 1.54309 1.34854 0.709924 -0.00311621 0.0548918 0.702129
1403715584.761091122 -2.14619 1.3806 1.36225 0.70919 -0.0274287 0.0448392 0.703056
1403715584.870898527 -2.09292 1.21639 1.38046 0.710793 -0.0432291 0.0379497 0.701045
1403715584.980942482 -2.04272 1.07052 1.39951 0.712115 -0.0667314 0.0331075 0.6981
1403715585.090967528 -1.99502 0.946382 1.4175 0.712244 -0.087251 0.0450273 0.695031
1403715585.191046174 -1.95898 0.85467 1.43572 0.712004 -0.0987224 0.0553145 0.692996
1403715585.301029095 -1.925 0.776988 1.45596 0.712885 -0.0946001 0.0583495 0.692417
1403715585.410987173 -1.89967 0.72097 1.47716 0.713187 -0.0827115 0.0396635 0.694946
1403715585.480953075 -1.88794 0.698604 1.4907 0.712602 -0.0760959 0.031172 0.696733
1403715585.650929626 -1.87245 0.66937 1.51849 0.710391 -0.0592978 0.00608777 0.701278
1403715585.761093053 -1.87195 0.66733 1.52935 0.708284 -0.0567246 0.00212524 0.703642
1403715585.870971812 -1.87759 0.673909 1.51904 0.707773 -0.0491207 0.00966865 0.704664
1403715585.975726784 -1.88342 0.687793 1.49023 0.708349 -0.0343735 0.0290517 0.704426
1403715586.080913810 -1.8884 0.709822 1.45837 0.710254 -0.00281487 0.0506897 0.702112
1403715586.181079600 -1.88981 0.733002 1.44071 0.711055 0.0215151 0.0380328 0.701778
1403715586.281169371 -1.888 0.758856 1.43627 0.712683 0.026574 0.011561 0.700887
1403715586.390942767 -1.88226 0.784235 1.43402 0.712884 0.0149059 -0.0234503 0.700731
1403715586.490973695 -1.87655 0.801323 1.43292 0.711498 0.0136102 -0.0467563 0.700999
1403715586.601016139 -1.87296 0.810622 1.43207 0.710213 0.0154312 -0.0576864 0.70145
1403715586.711085944 -1.87506 0.809653 1.43363 0.711355 0.0152284 -0.0521854 0.700728
1403715586.821008980 -1.88313 0.800334 1.43812 0.713811 0.00652843 -0.0292551 0.699697
1403715586.920986391 -1.89144 0.785343 1.44217 0.715348 0.000172323 -0.00390614 0.698757
1403715587.031013382 -1.90449 0.767123 1.44809 0.716545 -0.00786822 0.00916385 0.697436
1403715587.141127000 -1.91541 0.746202 1.4539 0.71736 -0.00651226 0.0071244 0.696636
1403715587.250960485 -1.92871 0.725753 1.46404 0.717091 -0.0011132 -0.00804605 0.696933
1403715587.360987330 -1.94154 0.704478 1.47848 0.714421 0.00804517 -0.0132228 0.699545
1403715587.470913700 -1.95386 0.68067 1.49505 0.712091 0.0203509 -0.00920082 0.701731
1403715587.580996715 -1.96177 0.654088 1.51202 0.714747 0.0311069 0.00929281 0.698629
1403715587.690948886 -1.96344 0.624075 1.53126 0.723348 0.0406201 0.0278076 0.688727
1403715587.790985292 -1.95714 0.59415 1.54829 0.738876 0.0365791 0.0366697 0.671848
1403715587.900913055 -1.93891 0.559145 1.56615 0.7612 0.0386972 0.0369814 0.646305
1403715588.001066267 -1.91459 0.523657 1.58154 0.78869 0.0341904 0.0219705 0.613446
1403715588.101162724 -1.88337 0.485062 1.59327 0.813772 0.0336237 0.00214591 0.580207
1403715588.201122721 -1.8479 0.443024 1.59264 0.837064 0.038943 -0.0119509 0.545586
1403715588.311065392 -1.80751 0.390099 1.5667 0.861368 0.038294 -0.0246611 0.505935
1403715588.420944035 -1.76694 0.328982 1.52425 0.882536 0.0403855 -0.0276408 0.467692
1403715588.521189013 -1.73266 0.264676 1.4858 0.899669 0.0390463 -0.0285598 0.433883
1403715588.631112213 -1.69671 0.182799 1.44634 0.915288 0.0426097 -0.0245261 0.399788
1403715588.731098788 -1.66777 0.10412 1.4135 0.92946 0.0274219 -0.0132117 0.367666
1403715588.840981063 -1.63315 0.0105773 1.37643 0.94302 0.0156228 0.00844772 0.332261
1403715588.941033488 -1.60105 -0.0719757 1.34191 0.952826 -0.00453278 0.0338021 0.301594
1403715589.051049793 -1.55898 -0.159144 1.30397 0.961792 -0.0262091 0.0597559 0.26589
1403715589.161228368 -1.50613 -0.239049 1.27529 0.968978 -0.0323485 0.0737118 0.233672
1403715589.271115506 -1.4394 -0.306362 1.26336 0.974436 -0.0284255 0.0795604 0.208175
1403715589.370999411 -1.36353 -0.354111 1.26734 0.978283 -0.0312464 0.0897917 0.184183
1403715589.471034118 -1.27073 -0.390899 1.27992 0.981468 -0.033343 0.101096 0.159338
1403715589.571002330 -1.16157 -0.416764 1.2946 0.983514 -0.0345627 0.109542 0.139664
1403715589.671047503 -1.0337 -0.432006 1.3178 0.985122 -0.034372 0.112293 0.125471
1403715589.780951093 -0.872949 -0.436607 1.36106 0.988075 -0.0310424 0.0922848 0.119277
1403715589.881200258 -0.71459 -0.430128 1.41663 0.991528 -0.0306187 0.0464184 0.117386
1403715589.991022453 -0.530491 -0.415106 1.47806 0.992721 -0.0212742 0.0110358 0.118028
1403715590.091007135 -0.361062 -0.39669 1.53013 0.992534 -0.0126423 -0.0045933 0.121227
1403715590.201076689 -0.176805 -0.370195 1.58366 0.99197 -0.0154995 -0.00695524 0.125325
1403715590.301160708 -0.012069 -0.3403 1.63017 0.990353 -0.025677 -0.000682104 0.136166
1403715590.401105755 0.145468 -0.304636 1.67519 0.987664 -0.0424932 0.000235122 0.150711
1403715590.501088931 0.297545 -0.259344 1.71735 0.982884 -0.058501 0.000108334 0.174688
1403715590.611184817 0.457739 -0.197968 1.76212 0.974548 -0.0765782 -0.0027237 0.210675
1403715590.721052428 0.61372 -0.124638 1.80611 0.966298 -0.0617921 0.00763515 0.249782
1403715590.831047401 0.764454 -0.0373034 1.84938 0.95493 -0.0472296 0.0127489 0.292771
1403715590.941170347 0.907733 0.0597911 1.89101 0.940758 -0.0375311 0.00611773 0.336941
1403715591.050942857 1.04674 0.163721 1.92983 0.923729 -0.0297476 0.00618394 0.38184
1403715591.151062112 1.16855 0.265815 1.96337 0.903652 -0.0370036 0.00439101 0.426643
1403715591.261147910 1.29654 0.383166 1.99707 0.87919 -0.0474387 0.00444552 0.474083
1403715591.371148338 1.41343 0.508303 2.02976 0.850758 -0.058947 -0.00253406 0.522235
1403715591.471118513 1.51022 0.629041 2.05769 0.824403 -0.0649473 -0.00894634 0.562194
1403715591.581050329 1.60673 0.77058 2.08262 0.793679 -0.0658534 -0.00593953 0.604733
1403715591.691141133 1.6914 0.918078 2.09247 0.764426 -0.0565805 -0.00251733 0.642219
1403715591.801187285 1.76235 1.0717 2.08676 0.733446 -0.0573458 -0.00970745 0.677255
1403715591.901143998 1.81562 1.21593 2.06743 0.707369 -0.0587073 -0.0142547 0.704258
1403715592.011177636 1.86105 1.37669 2.03183 0.677739 -0.0622195 -0.0255546 0.73222
1403715592.121158039 1.89029 1.53984 1.98217 0.644933 -0.0682528 -0.0369135 0.760289
1403715592.231101311 1.8983 1.69927 1.93724 0.60932 -0.0611364 -0.0553274 0.788626
1403715592.341072944 1.88281 1.85384 1.90784 0.569369 -0.0540574 -0.0639627 0.817806
1403715592.441156890 1.84434 1.98561 1.8959 0.533356 -0.0533124 -0.0739985 0.84096
1403715592.541050176 1.78563 2.1067 1.89177 0.49506 -0.0534862 -0.0816757 0.863356
1403715592.751090383 1.60179 2.31397 1.88562 0.41346 -0.0536905 -0.107197 0.902595
1403715592.961118675 1.35199 2.46226 1.88633 0.333413 -0.033985 -0.0527125 0.940693
1403715593.061099334 1.21725 2.51589 1.88579 0.292057 -0.0212744 -0.021825 0.955915
1403715593.171166613 1.06304 2.5667 1.88367 0.242606 -0.0131188 -0.00672795 0.970013
1403715593.271108492 0.921284 2.60849 1.87903 0.19841 -0.00549037 -0.00407019 0.980095
1403715593.371080525 0.778705 2.64549 1.8747 0.157452 -0.00503098 -0.0157856 0.987388
1403715593.480996004 0.622556 2.67892 1.87007 0.112202 -0.00779025 -0.0401576 0.992843
1403715593.581221195 0.481621 2.70248 1.86639 0.0717706 -0.00659772 -0.0501816 0.996136
1403715593.651143044 0.384416 2.71298 1.86404 0.0439052 0.00130714 -0.0528104 0.997638
1403715593.811135725 0.171817 2.71678 1.86021 -0.0208876 0.0259628 -0.05357 0.998008
1403715593.911309871 0.0458127 2.70332 1.85741 -0.0639988 0.0308437 -0.056324 0.995882
1403715594.021031944 -0.0842476 2.67486 1.85583 -0.114102 0.0269553 -0.058639 0.991371
1403715594.121114793 -0.194728 2.63824 1.85399 -0.156948 0.0149521 -0.0535414 0.986041
1403715594.221148590 -0.297301 2.59126 1.85313 -0.198855 0.00794077 -0.0515222 0.978642
1403715594.321152091 -0.39285 2.53498 1.85286 -0.237795 0.00546732 -0.0468291 0.97017
1403715594.431017007 -0.489918 2.46098 1.8536 -0.279116 0.00792416 -0.0524637 0.95879
1403715594.531203205 -0.570062 2.38406 1.85378 -0.319896 0.0124233 -0.0653071 0.945118
1403715594.641139868 -0.649989 2.28865 1.85346 -0.364909 0.0164363 -0.0720328 0.928107
1403715594.751093239 -0.720313 2.17959 1.85375 -0.410837 -0.000228703 -0.0734454 0.908746
1403715594.851148431 -0.7797 2.06966 1.85421 -0.451828 -0.0221396 -0.0652088 0.889443
1403715594.951131502 -0.834381 1.94952 1.85255 -0.490901 -0.0386096 -0.0494767 0.868952
1403715595.061018589 -0.891201 1.80277 1.84949 0.531702 0.0455092 0.0520303 -0.844106
1403715595.161300297 -0.943205 1.65948 1.84622 0.568504 0.0453334 0.046846 -0.820094
1403715595.251299751 -0.991208 1.52345 1.841 0.600871 0.0439811 0.0346388 -0.797383
1403715595.371185040 -1.05616 1.33295 1.83289 0.642938 0.0342647 0.0230765 -0.764803
1403715595.481148110 -1.11755 1.15264 1.82316 0.680875 0.0250948 0.0105327 -0.731894
1403715595.591240933 -1.17668 0.97015 1.81369 0.717993 0.00289708 0.00964054 -0.695978
1403715595.701157981 -1.23089 0.79313 1.8016 0.751184 -0.0365538 0.00831387 -0.659028
1403715595.811228546 -1.27398 0.628204 1.79056 0.780094 -0.0851042 0.00861577 -0.619787
1403715595.911274863 -1.30132 0.494853 1.78352 0.801341 -0.124636 0.0016999 -0.585077
1403715596.011798816 -1.31693 0.385842 1.78136 0.818594 -0.14893 -0.0276489 -0.554039
1403715596.111122445 -1.3222 0.310651 1.78915 0.829988 -0.16063 -0.0664933 -0.529997
1403715596.221153108 -1.31444 0.271009 1.81479 0.840293 -0.155791 -0.078301 -0.513328
1403715596.341122731 -1.294 0.270998 1.86183 0.854891 -0.114733 -0.0325498 -0.504915
1403715596.451325028 -1.267 0.299955 1.90857 0.864935 -0.0623399 0.0174909 -0.497691
1403715596.561121169 -1.2295 0.343945 1.95333 0.873712 -0.0228501 0.0599476 -0.482195
1403715596.661160602 -1.18394 0.384695 1.99082 0.881347 0.00945634 0.0851729 -0.464633
1403715596.721165842 -1.15036 0.406455 2.01173 0.885883 0.0186224 0.0983068 -0.452991
1403715596.831154377 -1.07624 0.434867 2.04744 0.894697 0.0400028 0.113881 -0.430056
1403715597.071157271 -0.842432 0.426734 2.11439 0.906843 0.0557179 0.143786 -0.392246
1403715597.171317133 -0.717885 0.392692 2.13909 0.911333 0.0535115 0.128428 -0.387447
1403715597.281161590 -0.566394 0.333836 2.16444 0.920133 0.0502552 0.0877278 -0.378329
1403715597.391128819 -0.402703 0.258397 2.18659 0.928905 0.0431561 0.0476286 -0.364698
1403715597.491197560 -0.252011 0.180346 2.20549 0.937209 0.0327769 0.0101886 -0.347076
1403715597.601175261 -0.0866011 0.0875339 2.22285 0.945832 0.0221091 -0.0154395 -0.323534
1403715597.711134171 0.0742106 -0.00872342 2.23931 0.9558 0.0120525 -0.0159396 -0.293336
1403715597.811237238 0.21322 -0.0981065 2.25103 0.962252 0.0118708 -0.0135131 -0.271566
1403715597.911174389 0.348581 -0.184412 2.26264 0.968077 0.00795924 -0.0164758 -0.249983
1403715598.017849232 0.472904 -0.269803 2.27239 0.970623 0.00577762 -0.0291998 -0.238759
1403715598.121245941 0.607248 -0.357216 2.28341 0.971755 -0.0108234 -0.0287705 -0.233983
1403715598.221360741 0.717052 -0.43354 2.28226 0.971871 -0.0152072 -0.0409915 -0.231419
1403715598.321190562 0.817021 -0.504129 2.26889 0.970789 -0.0235408 -0.0590605 -0.231359
1403715598.431213545 0.908195 -0.575281 2.24186 0.968618 -0.0169794 -0.0946892 -0.229182
1403715598.531289614 0.973027 -0.628724 2.21864 0.965134 -0.0141494 -0.119854 -0.232274
1403715598.631304122 1.01428 -0.672271 2.20101 0.964161 -0.00743958 -0.131991 -0.230036
1403715598.741046088 1.03985 -0.705922 2.1842 0.965392 -0.0191053 -0.10362 -0.23857
1403715598.841205716 1.04297 -0.730996 2.16776 0.967729 -0.0137427 -0.0694185 -0.241853
1403715598.951231609 1.03117 -0.748177 2.14328 0.969615 -0.02127 -0.036941 -0.240893
1403715599.061266936 1.00691 -0.760127 2.11007 0.969204 -0.0121706 -0.0259883 -0.244581
1403715599.171128856 0.976924 -0.765906 2.07263 0.96975 -0.0162695 -0.0219985 -0.242562
1403715599.271301859 0.945448 -0.769308 2.03386 0.969548 -0.00487155 -0.0169553 -0.244264
1403715599.371232647 0.910869 -0.772338 1.98957 0.969628 0.0161752 -0.0137504 -0.243661
1403715599.431213482 0.888585 -0.77381 1.96261 0.969358 0.0232225 -0.0128116 -0.244215
1403715599.681299591 0.776445 -0.7967 1.84762 0.968243 0.0474973 -0.0291407 -0.243723
1403715599.781267546 0.720476 -0.814333 1.8045 0.96795 0.0400399 -0.0389412 -0.244854
1403715599.881078343 0.658057 -0.836015 1.76345 0.968566 0.0220097 -0.0378543 -0.244874
1403715599.991252202 0.584657 -0.863041 1.71902 0.9688 0.00527497 -0.0204699 -0.246942
1403715600.101210930 0.505576 -0.89006 1.67382 0.969752 -0.00952999 -0.00779606 -0.243783
1403715600.201259522 0.435539 -0.90641 1.63245 0.971097 -0.0448893 0.00711338 -0.23432
1403715600.301306342 0.367803 -0.915949 1.59056 0.974826 -0.0661852 0.0139149 -0.212464
1403715600.411308826 0.298357 -0.913223 1.54553 0.980619 -0.073988 0.0186182 -0.180461
1403715600.521249220 0.238808 -0.897601 1.50233 0.988106 -0.0602724 0.0303986 -0.138165
1403715600.621178262 0.19348 -0.875475 1.46551 0.993746 -0.0295967 0.0420342 -0.0991307
1403715600.721243269 0.157783 -0.84179 1.43491 0.997048 -0.0175487 0.047584 -0.0576377
1403715600.831233863 0.129342 -0.798479 1.41558 0.9988 -0.0162406 0.04434 -0.0129993
1403715600.931341876 0.113727 -0.755552 1.41143 0.998659 -0.0167088 0.0399038 0.0284496
1403715601.041262425 0.105867 -0.702063 1.42243 0.997113 -0.0238161 0.0321077 0.0645507
1403715601.151232928 0.105295 -0.645802 1.44733 0.995647 -0.0231449 0.0262715 0.0863832
1403715601.261259163 0.10959 -0.581421 1.48686 0.994246 -0.0341197 0.0178573 0.0999572
1403715601.361250953 0.117991 -0.516078 1.53044 0.993298 -0.0384338 0.0146387 0.108016
1403715601.471422560 0.127871 -0.438398 1.57657 0.992717 -0.0416692 0.0132701 0.112251
1403715601.571288688 0.13924 -0.362707 1.613 0.992656 -0.0357816 0.0109793 0.115033
1403715601.681327767 0.152542 -0.273149 1.65091 0.992824 -0.0292268 0.0122557 0.115313
1403715601.781300055 0.164184 -0.187888 1.68334 0.993316 -0.020676 0.0040425 0.113487
1403715601.891282619 0.17643 -0.0883387 1.71697 0.993469 -0.020409 -0.00342409 0.112209
1403715602.001267259 0.183713 0.0130558 1.74874 0.994594 -0.0177333 -0.0246608 0.0992999
1403715602.111120641 0.183504 0.116757 1.77614 0.995389 -0.0207954 -0.0498654 0.0792612
1403715602.211232880 0.17487 0.207875 1.7972 0.996587 -0.00543713 -0.0598069 0.0566451
1403715602.321237722 0.155472 0.309152 1.81732 0.998136 -0.0049379 -0.0538777 0.0282204
1403715602.421423164 0.130048 0.398047 1.83393 0.999448 -0.00269681 -0.0330286 0.00218314
1403715602.521419627 0.0969672 0.486451 1.85024 0.999592 -0.00511115 -0.0123507 -0.0252511
1403715602.631316903 0.0569976 0.580873 1.86359 0.998393 -0.00886762 -0.000481212 -0.0559641
1403715602.741228843 0.0152673 0.676482 1.86443 0.995827 -0.0198879 0.00324117 -0.089008
1403715602.841234278 -0.0215735 0.763322 1.84973 0.992942 -0.0216323 0.00544415 -0.116488
1403715602.941279497 -0.0549976 0.851975 1.822 0.989147 -0.0240448 0.0128712 -0.144376
1403715603.051329117 -0.09024 0.951084 1.77692 0.984301 -0.0245754 0.0141682 -0.174204
1403715603.151373271 -0.120226 1.04142 1.73188 0.979502 -0.0157737 0.0111061 -0.200509
1403715603.261277833 -0.146588 1.1439 1.68385 0.973093 -0.019696 0.0184656 -0.228826
1403715603.361304349 -0.167074 1.23629 1.64072 0.968084 -0.0120288 0.0242851 -0.249157
1403715603.461362432 -0.182863 1.33011 1.60161 0.963996 -0.00847333 0.0266911 -0.264437
1403715603.571396702 -0.19697 1.43038 1.56357 0.960898 0.00434817 0.0212438 -0.276052
1403715603.681258495 -0.206941 1.52476 1.52865 0.958591 0.0248515 0.0154042 -0.28328
1403715603.791194780 -0.215629 1.61158 1.49809 0.956162 0.0417871 0.00482789 -0.289802
1403715603.891304192 -0.223363 1.68032 1.48349 0.954999 0.0531704 0.00599153 -0.291743
1403715604.001269087 -0.230286 1.73943 1.48198 0.954153 0.0648484 0.02602 -0.291048
1403715604.111359790 -0.234202 1.7876 1.48417 0.954873 0.0478968 0.0415936 -0.290161
1403715604.221304297 -0.235716 1.82392 1.48235 0.955515 0.0245852 0.0419931 -0.2909
1403715604.321330058 -0.233077 1.84799 1.47651 0.955979 0.0149698 0.0341913 -0.291051
1403715604.431298281 -0.223121 1.86764 1.4683 0.956009 0.0110446 0.0348867 -0.291046
1403715604.531359915 -0.209035 1.88153 1.45929 0.955984 0.00857741 0.0314908 -0.291599
1403715604.641313715 -0.190182 1.89549 1.44766 0.956353 0.00350333 0.0171131 -0.291691
1403715604.751336962 -0.167195 1.90718 1.43513 0.956247 -0.000558827 0.00899726 -0.292422
1403715604.861330520 -0.141516 1.91859 1.42491 0.956616 -0.00145741 0.00897316 -0.291209
1403715604.961484935 -0.115866 1.92995 1.41708 0.956323 -0.0048067 0.0107917 -0.292072
1403715605.071281713 -0.085051 1.94249 1.41164 0.956301 -0.004114 0.0167158 -0.291877
1403715605.171315286 -0.0563487 1.9536 1.40888 0.956936 -0.00526081 0.0132168 -0.289949
1403715605.281150306 -0.0232403 1.9658 1.40902 0.957743 -0.000999895 0.00784848 -0.287516
1403715605.381269156 0.00736425 1.97599 1.41096 0.958149 0.0061896 0.00192539 -0.286198
1403715605.491276460 0.0418037 1.98596 1.40647 0.959125 0.0122455 0.00105781 -0.282715
1403715605.601399401 0.0759272 1.99361 1.39033 0.959681 0.0158051 0.0050114 -0.2806
1403715605.701460975 0.106083 1.99787 1.36822 0.960012 0.0134944 0.00600072 -0.279569
1403715605.811294739 0.138717 2.00097 1.34535 0.960308 0.0033224 0.0044565 -0.278885
1403715605.911381967 0.16798 2.0013 1.32755 0.960562 -0.000699452 0.00466839 -0.278026
1403715606.021322426 0.200455 2.00203 1.30931 0.960959 -0.00749016 0.00414226 -0.276558
1403715606.121382865 0.229474 2.0034 1.28611 0.961408 -0.00702449 0.00119075 -0.275033
1403715606.221371502 0.259253 2.00604 1.2583 0.961874 -0.00665752 0.0023801 -0.273401
1403715606.331233496 0.290967 2.00899 1.23032 0.962295 0.00306881 -0.0010693 -0.271989
1403715606.431380427 0.320252 2.01192 1.21637 0.962828 0.00920294 -0.00114006 -0.269957
1403715606.541309912 0.351336 2.01449 1.21175 0.963682 0.0104909 -0.00399951 -0.266817
1403715606.651367173 0.379539 2.01532 1.20756 0.964531 0.0159267 -0.00750956 -0.263383
1403715606.761308815 0.403877 2.01239 1.1993 0.965055 0.0249916 -0.0121695 -0.260568
1403715606.861436416 0.420826 2.00878 1.18834 0.96498 0.0255049 -0.0185418 -0.260421
1403715606.971329002 0.434936 2.00358 1.17277 0.965862 0.0123264 -0.0260397 -0.25745
1403715607.071516752 0.445038 1.9985 1.15789 0.966212 -0.00177501 -0.0192907 -0.257018
1403715607.181308676 0.452177 1.9941 1.14174 0.966605 -0.00839208 -0.00996597 -0.255939
1403715607.281375430 0.456611 1.99253 1.12912 0.966902 -0.0103045 -0.00442158 -0.254903
1403715607.381407926 0.458019 1.99488 1.11889 0.967171 -0.0121625 -0.00541243 -0.253779
1403715607.491450622 0.457254 1.9996 1.10983 0.966835 -0.00961189 -0.00684525 -0.25513
1403715607.601276653 0.456702 2.0092 1.10469 0.966528 -0.0118357 -0.00534296 -0.256234
1403715607.701430010 0.455251 2.01987 1.10164 0.966083 -0.0105223 -0.0042995 -0.257981
1403715607.801362471 0.453671 2.03415 1.09655 0.965832 -0.0121222 -0.003005 -0.258867
1403715607.901342953 0.450333 2.04855 1.08129 0.965542 -0.0035853 -0.00399438 -0.260193
1403715608.011303651 0.452508 2.05447 1.08018 0.96628 -0.0154719 0.000180798 -0.257029
1403715608.111461174 0.45272 2.05282 1.07802 0.966537 -0.0149721 0.00187121 -0.256082
1403715608.211556667 0.45335 2.05392 1.07852 0.966284 -0.0167063 0.00297521 -0.256919
1403715608.321397803 0.453256 2.05382 1.07815 0.966479 -0.016716 0.00291353 -0.256186
1403715608.421459477 0.45271 2.05297 1.07769 0.966429 -0.0156067 0.00193861 -0.256452
1403715608.521514156 0.452863 2.05379 1.0781 0.966538 -0.0167986 0.00330719 -0.25595
1403715608.621389614 0.452105 2.05329 1.07787 0.966636 -0.013058 0.0010485 -0.25582
1403715608.731410950 0.453083 2.05357 1.07773 0.966464 -0.0164834 0.00226926 -0.256262
1403715608.841373028 0.452365 2.05321 1.07697 0.966524 -0.0140286 0.000580692 -0.256191
1403715608.951407051 0.452356 2.05314 1.07732 0.966581 -0.0130983 0.00117458 -0.256023
1403715609.051385916 0.452772 2.05344 1.07727 0.966487 -0.0154804 0.00193919 -0.256243
1403715609.161414767 0.45257 2.05319 1.07706 0.966477 -0.0144575 0.00141642 -0.256342
1403715609.271469217 0.452892 2.05357 1.07712 0.966396 -0.0167967 0.00221006 -0.256499
1403715609.381424608 0.452917 2.05332 1.07734 0.966496 -0.0157923 0.00211501 -0.256185
1403715609.481426177 0.452669 2.05346 1.07716 0.966471 -0.0151619 0.0014314 -0.256324
1403715609.591413769 0.453358 2.05337 1.07766 0.966493 -0.0172974 0.00366731 -0.256084
1403715609.691371947 0.452788 2.05366 1.07727 0.966719 -0.0152312 0.00112549 -0.255383
1403715609.791406278 0.453234 2.05338 1.07747 0.96662 -0.0171291 0.0034586 -0.255618
1403715609.901433267 0.452439 2.05355 1.07714 0.966547 -0.0154191 0.00182459 -0.256019
1403715610.001428004 0.45225 2.05331 1.07679 0.966492 -0.0138974 0.000380043 -0.256319
1403715610.111500602 0.452668 2.0533 1.07664 0.966594 -0.0133437 0.0026918 -0.255949
1403715610.221556378 0.452625 2.0527 1.07609 0.966586 -0.0114655 -0.00126216 -0.256082
1403715610.331449221 0.452678 2.05341 1.07712 0.966305 -0.0159473 0.00196657 -0.256899
1403715610.441265827 0.45171 2.05371 1.07651 0.966386 -0.0137988 -7.40126e-05 -0.256727
1403715610.551329635 0.452441 2.05385 1.0771 0.966343 -0.0164314 0.00225579 -0.256721
1403715610.661492057 0.452595 2.05388 1.07703 0.966284 -0.01623 0.00257313 -0.256953
1403715610.761567019 0.451959 2.05445 1.07698 0.966295 -0.0161573 0.00163543 -0.256925
1403715610.871375974 0.452637 2.05389 1.07693 0.966286 -0.0162977 0.00297252 -0.256938
1403715610.971389987 0.452023 2.05479 1.07754 0.966373 -0.0180432 0.00350514 -0.256487
1403715611.081455848 0.45225 2.05392 1.07689 0.966302 -0.0151864 0.00152653 -0.256958
1403715611.191391590 0.452582 2.05349 1.07728 0.966506 -0.015222 0.00306088 -0.256173
1403715611.301360949 0.45211 2.05365 1.0763 0.96649 -0.014418 -0.000592044 -0.256298
1403715611.401460606 0.453719 2.05398 1.07727 0.966206 -0.0198174 0.00433467 -0.25697
1403715611.511540790 0.451552 2.05411 1.07697 0.966886 -0.0123943 -0.000813785 -0.254905
1403715611.611561037 0.452339 2.05389 1.07695 0.966574 -0.0156423 0.0012487 -0.255907
1403715611.711565334 0.452037 2.05319 1.07663 0.966479 -0.0124398 0.000901264 -0.256444
1403715611.821395992 0.451813 2.05401 1.07702 0.966297 -0.015877 0.00132536 -0.256935
1403715611.931417695 0.452282 2.05363 1.07669 0.966493 -0.014691 0.00148109 -0.256267
1403715612.031437590 0.452069 2.0537 1.07663 0.966482 -0.0145221 0.00107734 -0.256321
