1403715517.979818358 0.443233 2.06203 1.07658 0.966053 -0.0177708 0.00348067 -0.25771
1403715518.079878803 0.443243 2.06205 1.07659 0.966046 -0.0177522 0.00362948 -0.257732
1403715518.189751996 0.443126 2.06138 1.07588 0.966158 -0.0145961 0.000503269 -0.257537
1403715518.299795418 0.443284 2.06211 1.07667 0.966078 -0.0179129 0.00376938 -0.257603
1403715518.409767821 0.443289 2.06208 1.07664 0.966042 -0.0180087 0.003763 -0.257731
1403715518.509871590 0.443108 2.06178 1.0764 0.966277 -0.0175075 0.00280568 -0.256893
1403715518.619782999 0.443044 2.06167 1.07639 0.966284 -0.0169922 0.00261254 -0.256903
1403715518.729879116 0.443211 2.06201 1.07659 0.966071 -0.0175162 0.00337145 -0.257661
1403715518.839743701 0.443134 2.06194 1.07653 0.966076 -0.0173341 0.00324077 -0.257657
1403715518.939781053 0.443222 2.06202 1.07657 0.966051 -0.0175834 0.00333662 -0.25773
1403715519.039634876 0.443165 2.06202 1.07659 0.966067 -0.0176247 0.0032423 -0.257671
1403715519.149789760 0.443463 2.06251 1.07642 0.96622 -0.0208128 0.00386603 -0.256847
1403715519.259868040 0.443075 2.0617 1.07636 0.966286 -0.0170538 0.0026574 -0.256892
1403715519.359949846 0.443047 2.06175 1.07642 0.966303 -0.0169981 0.00255268 -0.256832
1403715519.469723899 0.443281 2.06208 1.07662 0.96606 -0.0180603 0.00359717 -0.257659
1403715519.569745698 0.443046 2.06174 1.0764 0.966268 -0.0170746 0.00272979 -0.256956
1403715519.679874170 0.443226 2.06201 1.07659 0.966062 -0.0176446 0.00342092 -0.257686
1403715519.789756449 0.44323 2.06199 1.07661 0.96605 -0.0174297 0.00352291 -0.257742
1403715519.889781995 0.443228 2.06201 1.07659 0.966065 -0.0175494 0.00356027 -0.257676
1403715519.989820050 0.443245 2.06203 1.07657 0.966055 -0.0177227 0.00347821 -0.257705
1403715520.089873137 0.443098 2.06174 1.0764 0.966304 -0.0172494 0.00283937 -0.256807
1403715520.199773670 0.443244 2.06204 1.07659 0.966041 -0.0177426 0.00353627 -0.257753
1403715520.299820791 0.443072 2.06168 1.07639 0.966316 -0.0169313 0.00260492 -0.256786
1403715520.409737557 0.443197 2.06197 1.07657 0.966068 -0.0174535 0.00339356 -0.257676
1403715520.509747680 0.44308 2.06179 1.07647 0.966298 -0.0174676 0.00270413 -0.256819
1403715520.609933622 0.443187 2.06201 1.07653 0.966074 -0.0176134 0.0033401 -0.257643
1403715520.719815235 0.443097 2.06172 1.07642 0.966296 -0.017104 0.00270402 -0.256851
1403715520.829750146 0.443076 2.06172 1.07638 0.966284 -0.0170352 0.00264835 -0.256902
1403715520.939979686 0.442968 2.06162 1.07633 0.966288 -0.0167057 0.00255456 -0.256909
1403715521.049879870 0.443171 2.06199 1.07654 0.966065 -0.0174761 0.00332803 -0.257687
1403715521.159763163 0.443087 2.06173 1.07639 0.966262 -0.0171319 0.00271927 -0.256975
1403715521.259830868 0.443258 2.06205 1.07658 0.96605 -0.0177556 0.00355468 -0.257719
1403715521.359809740 0.443208 2.06208 1.07659 0.966074 -0.01765 0.00333487 -0.257641
1403715521.469871458 0.443008 2.06171 1.07637 0.96626 -0.0169718 0.00282588 -0.256994
1403715521.569845366 0.44319 2.06203 1.07656 0.96609 -0.0176153 0.00328003 -0.257583
1403715521.679717208 0.443222 2.06204 1.0766 0.966056 -0.0177036 0.00343511 -0.257702
1403715521.779748344 0.44308 2.0617 1.07639 0.96627 -0.0171856 0.00278119 -0.256942
1403715521.889738762 0.443163 2.06193 1.07656 0.966075 -0.017189 0.00319055 -0.257668
1403715521.989778214 0.44322 2.06206 1.07658 0.966048 -0.0177464 0.00355791 -0.257727
1403715522.099852794 0.443216 2.06203 1.07658 0.96606 -0.017723 0.00347122 -0.257686
1403715522.209878164 0.44319 2.06201 1.07653 0.966081 -0.0175983 0.00341069 -0.257617
1403715522.319826992 0.443246 2.06209 1.07659 0.966059 -0.017816 0.00353744 -0.25768
1403715522.429895189 0.443088 2.06171 1.0764 0.966278 -0.0171583 0.00269836 -0.256913
1403715522.529941039 0.443241 2.06209 1.07661 0.966035 -0.0178835 0.00367925 -0.257767
1403715522.629964453 0.443166 2.06201 1.07657 0.966078 -0.0173914 0.00324423 -0.257646
1403715522.739753443 0.443483 2.06255 1.07643 0.966161 -0.0211735 0.00413716 -0.257036
1403715522.839749749 0.443029 2.06168 1.07639 0.966295 -0.0169546 0.00260407 -0.256864
1403715522.949851810 0.443194 2.0621 1.07659 0.966073 -0.0177597 0.0033993 -0.257637
1403715523.059752510 0.443192 2.06204 1.07657 0.966054 -0.017543 0.00345302 -0.257719
1403715523.169809008 0.442999 2.0617 1.07634 0.966252 -0.0169464 0.00260893 -0.257026
1403715523.269795617 0.443141 2.06203 1.07662 0.966036 -0.0175068 0.0033827 -0.257791
1403715523.379933818 0.443208 2.06202 1.07656 0.966061 -0.0176086 0.00350508 -0.25769
1403715523.489892201 0.443218 2.06212 1.07662 0.966069 -0.0178837 0.00351673 -0.257641
1403715523.599792555 0.443192 2.06199 1.07655 0.966078 -0.0175372 0.00328511 -0.257635
1403715523.699889118 0.443175 2.06203 1.07657 0.966035 -0.017555 0.00339963 -0.257793
1403715523.809802781 0.443084 2.06177 1.07643 0.966257 -0.0172511 0.0027537 -0.256988
1403715523.919795429 0.443226 2.06203 1.07654 0.966081 -0.0176285 0.00334739 -0.257615
1403715524.020003033 0.443584 2.06289 1.07661 0.965949 -0.0213184 0.00475793 -0.25781
1403715524.129852549 0.443021 2.0617 1.07634 0.966262 -0.0170413 0.00251676 -0.256986
1403715524.229823474 0.443389 2.06247 1.07643 0.966212 -0.0204454 0.00376719 -0.25691
1403715524.329846854 0.443592 2.06292 1.07662 0.965939 -0.0217919 0.00490334 -0.257806
1403715524.429865466 0.443206 2.06207 1.07658 0.966064 -0.0177393 0.00337076 -0.257671
1403715524.529857887 0.443042 2.0617 1.0764 0.966282 -0.0170402 0.00268087 -0.256907
1403715524.639891319 0.443147 2.06203 1.07656 0.966068 -0.0175406 0.00352692 -0.257667
1403715524.739768171 0.443202 2.06211 1.07657 0.966066 -0.0176822 0.0033629 -0.257668
1403715524.849838206 0.44316 2.06203 1.07654 0.965968 -0.0174882 0.00336855 -0.258047
1403715524.959833566 0.443501 2.06297 1.07663 0.965887 -0.0216946 0.00452625 -0.258013
1403715525.069836931 0.442591 2.06198 1.0767 0.966298 -0.0157148 0.00240215 -0.256936
1403715525.170003773 0.442262 2.06203 1.07666 0.966444 -0.016852 0.00252848 -0.256312
1403715525.269879618 0.442382 2.0616 1.07661 0.966365 -0.0141027 0.00149934 -0.256783
1403715525.379949415 0.442614 2.06199 1.07686 0.966082 -0.0159165 0.00255781 -0.257733
1403715525.489847439 0.442605 2.0612 1.07587 0.966275 -0.0120526 -0.000402996 -0.257231
1403715525.599987255 0.442667 2.06153 1.07655 0.966412 -0.0147416 0.0020834 -0.256567
1403715525.700008052 0.441914 2.0617 1.07631 0.966293 -0.0137331 0.000311427 -0.257078
1403715525.809851195 0.44315 2.06278 1.07707 0.966253 -0.0201421 0.00349381 -0.256782
1403715525.909894514 0.443068 2.06186 1.0773 0.966308 -0.0188794 0.00280053 -0.256681
1403715526.009912919 0.442865 2.06189 1.0769 0.966484 -0.0166003 0.00165416 -0.256184
1403715526.119893417 0.442626 2.06201 1.07753 0.966384 -0.016109 0.000770379 -0.256598
1403715526.219887414 0.442809 2.06194 1.0771 0.966353 -0.0174315 0.00102684 -0.256627
1403715526.329976511 0.44329 2.06223 1.07745 0.96625 -0.0184778 0.00338251 -0.25692
1403715526.439821356 0.44312 2.06184 1.07708 0.966492 -0.0174683 0.00262447 -0.256089
1403715526.539889705 0.442895 2.06206 1.07675 0.96627 -0.0176826 0.00291415 -0.256907
1403715526.649804420 0.442622 2.06188 1.07698 0.966387 -0.0168309 0.000675826 -0.25654
1403715526.759924066 0.442759 2.06143 1.07614 0.966358 -0.0132148 -0.00117379 -0.256859
1403715526.869921094 0.443069 2.0618 1.07707 0.966496 -0.0171514 0.00252997 -0.256095
1403715526.979932358 0.441713 2.0613 1.0766 0.966612 -0.0116225 -0.0011103 -0.25598
1403715527.080072017 0.442965 2.06199 1.07704 0.966415 -0.0165146 0.00196287 -0.256448
1403715527.189920776 0.442894 2.06233 1.07715 0.966358 -0.0171233 0.00198828 -0.256623
1403715527.280127914 0.442876 2.06208 1.0771 0.966405 -0.017676 0.00220513 -0.256406
1403715527.399923114 0.443031 2.06192 1.07706 0.966459 -0.0176105 0.00189009 -0.256211
1403715527.510013573 0.442964 2.06225 1.07763 0.966242 -0.0169551 0.0021766 -0.257068
1403715527.619979965 0.442941 2.06219 1.07762 0.966232 -0.0163156 0.00194587 -0.257148
1403715527.729955612 0.44322 2.06195 1.07815 0.966192 -0.015741 0.00306813 -0.257323
1403715527.839897851 0.443109 2.06216 1.07806 0.966373 -0.0163221 0.00202614 -0.256617
1403715527.940025293 0.442772 2.06133 1.07767 0.966662 -0.0136633 4.31177e-05 -0.25569
1403715528.049880531 0.443095 2.06192 1.07861 0.966441 -0.0160705 0.00225987 -0.256376
1403715528.149974699 0.442841 2.06192 1.07849 0.966327 -0.0154176 0.00129767 -0.256852
1403715528.259860776 0.443037 2.06136 1.07899 0.966532 -0.0142865 0.00190614 -0.256139
1403715528.359885052 0.443659 2.06141 1.07887 0.966436 -0.0136032 0.00439799 -0.256509
1403715528.460038036 0.445907 2.0601 1.08093 0.966255 -0.0121955 0.011104 -0.257059
1403715528.559996183 0.450305 2.06034 1.08819 0.96613 -0.00775274 0.0157141 -0.257462
1403715528.670047980 0.456662 2.06204 1.1029 0.965347 -0.00417025 0.0119356 -0.260663
1403715528.780043587 0.464872 2.06523 1.1234 0.964874 -0.00175748 0.0063522 -0.262629
1403715528.889896898 0.47561 2.06962 1.14868 0.964511 -0.00339916 0.00317913 -0.264
1403715528.990019699 0.487162 2.07579 1.17358 0.964493 -0.00678607 0.0041942 -0.263987
1403715529.089966533 0.49925 2.08212 1.1989 0.965687 -0.00522022 0.00587989 -0.259589
1403715529.200019441 0.513329 2.0906 1.23706 0.96925 -0.0018649 0.00611851 -0.245995
1403715529.299936117 0.528443 2.09862 1.27867 0.973164 -7.84031e-05 0.0123089 -0.229781
1403715529.409918853 0.548014 2.10794 1.32067 0.9779 -0.00397337 0.0192757 -0.208143
1403715529.510033856 0.567232 2.11651 1.34891 0.981428 -0.00424433 0.0183078 -0.19091
1403715529.609953999 0.59006 2.12585 1.36882 0.9839 -0.00830882 0.0163873 -0.177775
1403715529.719980908 0.617175 2.13735 1.38428 0.985833 -0.0130985 0.0150118 -0.166545
1403715529.820058281 0.644696 2.1483 1.40004 0.986716 -0.0142032 0.0137167 -0.16125
1403715529.920099651 0.67347 2.16051 1.41974 0.987599 -0.0094978 0.00934654 -0.15643
1403715530.029946403 0.707394 2.17759 1.44652 0.988064 -0.0137206 0.00426466 -0.153375
1403715530.129997883 0.736973 2.19629 1.47361 0.988157 -0.0219987 -0.00604066 -0.151743
1403715530.239935465 0.770737 2.22185 1.51237 0.987886 -0.0285202 -0.00123251 -0.152531
1403715530.339955504 0.801055 2.25046 1.56197 0.987727 -0.0299165 0.00350726 -0.153259
1403715530.449901902 0.834389 2.28794 1.63193 0.987982 -0.0236575 0.00698185 -0.152587
1403715530.559880146 0.868674 2.33087 1.7076 0.989188 -0.0175673 0.00793236 -0.145378
1403715530.669804181 0.9023 2.37709 1.77061 0.990322 -0.0126304 0.00685377 -0.138045
1403715530.779833207 0.937635 2.42622 1.81934 0.991863 -0.00966801 0.00405759 -0.12688
1403715530.879817010 0.969811 2.47149 1.8609 0.993797 -0.00655028 0.0050655 -0.110896
1403715530.989958691 1.00584 2.52279 1.90525 0.995276 -0.00775249 0.00966905 -0.096287
1403715531.100057724 1.04569 2.57334 1.94715 0.996069 -0.00272776 0.0268192 -0.084383
1403715531.209948456 1.09076 2.62387 1.98394 0.995876 0.0046003 0.0472201 -0.0773265
1403715531.319996438 1.1385 2.66828 2.01637 0.996314 0.0213174 0.0397166 -0.0729802
1403715531.429962344 1.19152 2.70827 2.04806 0.996824 0.0322931 0.0214632 -0.0695583
1403715531.530007587 1.24203 2.73987 2.06844 0.997435 0.0262195 0.00948317 -0.0659277
1403715531.630061715 1.29515 2.76563 2.07753 0.997406 0.0279136 0.00705538 -0.0659668
1403715531.740057440 1.35368 2.78864 2.07703 0.99764 0.0205878 0.00846825 -0.0649494
1403715531.840094541 1.40159 2.80292 2.07214 0.997722 0.012762 -0.000280836 -0.0662379
1403715531.949953012 1.45454 2.8179 2.07256 0.997592 0.00218573 -0.0120264 -0.0682735
1403715532.050018222 1.49801 2.82907 2.07116 0.997355 -0.00431687 -0.0173934 -0.0704466
1403715532.160034448 1.53822 2.84057 2.06762 0.997256 -0.00964268 -0.0231749 -0.0696428
1403715532.270051378 1.57566 2.8552 2.06716 0.997285 -0.0118633 -0.0232311 -0.0688681
1403715532.369971568 1.60288 2.86615 2.06418 0.997724 -0.000409037 -0.0200238 -0.0643801
1403715532.479951388 1.62653 2.87755 2.06037 0.997975 0.0147304 -0.0172273 -0.0594249
1403715532.589961885 1.6435 2.88632 2.05415 0.997955 0.024336 -0.0161543 -0.0568511
1403715532.690058057 1.65446 2.88833 2.04889 0.997451 0.0408057 -0.0207046 -0.0547471
1403715532.799919307 1.65933 2.88238 2.04037 0.996838 0.052574 -0.0255516 -0.0538223
1403715532.910245873 1.65693 2.86507 2.02894 0.996284 0.0584796 -0.0277477 -0.0568221
1403715533.020029983 1.64682 2.83503 2.00877 0.994876 0.0660965 -0.0270189 -0.071575
1403715533.120132579 1.63163 2.79851 1.97931 0.993064 0.0644994 -0.0248713 -0.0951078
1403715533.230007978 1.60353 2.74581 1.94029 0.99033 0.0536662 -0.0343302 -0.123241
1403715533.340059954 1.56671 2.68231 1.91914 0.986049 0.046582 -0.0421302 -0.154153
1403715533.440073721 1.52111 2.61379 1.91432 0.983447 0.0397574 -0.0401529 -0.172162
1403715533.550028275 1.46244 2.53061 1.93062 0.981008 0.0436893 -0.0284541 -0.186831
1403715533.650020034 1.39771 2.44369 1.95833 0.97819 0.0639439 -0.02244 -0.196349
1403715533.759998573 1.31905 2.33748 2.00588 0.975662 0.0803108 -0.0168586 -0.203346
1403715533.870014607 1.23491 2.21967 2.06271 0.975354 0.0727779 -0.00903757 -0.2081
1403715533.980154901 1.14606 2.09109 2.1117 0.975942 0.0575117 -0.00489662 -0.210252
1403715534.090020678 1.05517 1.95454 2.14448 0.97674 0.0411545 -0.00093392 -0.210438
1403715534.190082521 0.971898 1.82584 2.16119 0.977319 0.0252313 0.00191618 -0.210253
1403715534.290072254 0.889065 1.69598 2.16503 0.977704 0.0102776 0.00592465 -0.209653
1403715534.400127301 0.800227 1.55231 2.15598 0.977779 0.00250211 0.0072557 -0.209499
1403715534.509999137 0.71373 1.41009 2.13228 0.976489 -4.92818e-05 0.00830551 -0.215407
1403715534.610058460 0.638245 1.28299 2.10398 0.97345 -0.000854786 0.00921644 -0.228714
1403715534.710154475 0.567385 1.15839 2.07627 0.96908 -0.000995699 0.0105692 -0.246517
1403715534.820036422 0.493979 1.02326 2.04426 0.961277 0.000721247 0.0208027 -0.274796
1403715534.920123706 0.43324 0.902038 2.01415 0.952006 0.000795642 0.0306742 -0.304538
1403715535.029981791 0.374347 0.76893 1.98095 0.940727 -0.00076679 0.0429549 -0.336432
1403715535.129994990 0.328954 0.648561 1.95055 0.933125 0.00310772 0.0487489 -0.356218
1403715535.240077922 0.291171 0.512992 1.91777 0.925987 0.0120988 0.0577188 -0.37292
1403715535.350089989 0.265018 0.374453 1.8882 0.920899 0.0150857 0.0667177 -0.383753
1403715535.460218795 0.248136 0.22904 1.86065 0.917026 0.0326455 0.0583232 -0.393187
1403715535.560030364 0.239964 0.0915536 1.8354 0.916644 0.0387604 0.0375944 -0.39604
1403715535.670135526 0.236786 -0.0648229 1.81014 0.918486 0.030003 0.0204032 -0.393784
1403715535.780114866 0.237978 -0.226685 1.78426 0.922526 0.0227507 0.0112261 -0.385101
1403715535.890150760 0.24319 -0.38958 1.75904 0.930562 0.00651719 0.0168468 -0.365688
1403715535.990187974 0.250885 -0.536956 1.73599 0.938802 -0.00377731 0.0283227 -0.343271
1403715536.099967907 0.264357 -0.700851 1.71283 0.944832 0.000466283 0.0397392 -0.325137
1403715536.200092652 0.284692 -0.846431 1.69428 0.948469 -0.00574925 0.0495892 -0.312912
1403715536.310042927 0.31798 -1.00474 1.67584 0.952323 -0.00885602 0.0564939 -0.299684
1403715536.410047879 0.358412 -1.14443 1.6623 0.955012 -0.0199494 0.0539461 -0.290936
1403715536.520247483 0.41672 -1.28868 1.65174 0.956633 -0.044772 0.0500893 -0.283442
1403715536.620167162 0.480722 -1.41284 1.64385 0.95789 -0.0570757 0.0417807 -0.278287
1403715536.720170128 0.554637 -1.52419 1.63821 0.95889 -0.0663133 0.0276763 -0.274531
1403715536.820153929 0.63212 -1.6222 1.63552 0.959978 -0.0692913 0.00413772 -0.271337
1403715536.930077004 0.724012 -1.70833 1.63428 0.960192 -0.0854747 -0.0138349 -0.265583
1403715537.030264272 0.807277 -1.76436 1.63528 0.958517 -0.106366 -0.0320085 -0.2625
1403715537.130126004 0.887015 -1.79585 1.63931 0.955995 -0.118469 -0.0577834 -0.262106
1403715537.240072388 0.965174 -1.79774 1.64929 0.953225 -0.125906 -0.0866392 -0.260776
1403715537.350089084 1.02917 -1.76687 1.66343 0.954561 -0.0967369 -0.111762 -0.258775
1403715537.460091467 1.07883 -1.70326 1.69084 0.957779 -0.0691072 -0.0947369 -0.262505
1403715537.570098017 1.11166 -1.62154 1.71929 0.961404 -0.0188895 -0.063046 -0.267153
1403715537.680206340 1.13308 -1.52444 1.75062 0.962291 -0.00568585 -0.0258785 -0.270728
1403715537.780209543 1.13745 -1.43291 1.77646 0.961531 0.00269116 -0.0312251 -0.272904
1403715537.890160803 1.13196 -1.32903 1.80403 0.959763 -0.00248537 -0.0479895 -0.276671
1403715538.000081671 1.11788 -1.22841 1.82886 0.959225 0.0111877 -0.0483695 -0.27825
1403715538.100221958 1.09597 -1.13742 1.85216 0.95946 0.0177871 -0.0368191 -0.278864
1403715538.210143965 1.06229 -1.03909 1.873 0.957426 0.0241475 -0.0262261 -0.28647
1403715538.310130734 1.02413 -0.952946 1.87877 0.953996 0.0266722 -0.0215045 -0.297856
1403715538.410157900 0.97763 -0.868128 1.87253 0.947039 0.0223632 -0.0293702 -0.318991
1403715538.520131990 0.919578 -0.774654 1.86049 0.938625 0.00264997 -0.0453672 -0.341931
1403715538.620153449 0.859339 -0.688873 1.85158 0.929623 -0.0188922 -0.0499794 -0.364617
1403715538.730094048 0.782687 -0.591956 1.84264 0.918369 -0.0191971 -0.0512984 -0.391917
1403715538.830060823 0.708507 -0.500278 1.8359 0.905595 -0.0133616 -0.0356968 -0.422427
1403715538.940209500 0.622485 -0.394189 1.82641 0.887583 -0.0112934 -0.0157688 -0.46024
1403715539.050095147 0.533011 -0.285258 1.80314 0.865258 -0.00599586 -0.0108446 -0.501174
1403715539.150144483 0.452999 -0.183858 1.7714 0.841205 -0.0123985 0.000817941 -0.540573
1403715539.260290835 0.363419 -0.0728037 1.71803 0.811562 0.000271981 -0.00347869 -0.584256
1403715539.370186812 0.278235 0.0372674 1.65498 0.784807 0.00103073 0.00693584 -0.619701
1403715539.480259963 0.195542 0.145433 1.5882 0.761212 0.00299754 0.0132751 -0.64836
1403715539.580211372 0.121835 0.239734 1.54252 0.742344 0.0121269 0.0138424 -0.669766
1403715539.680249555 0.0479732 0.330258 1.51355 0.733834 0.022027 0.00043708 -0.678972
1403715539.790202942 -0.0315329 0.424061 1.50227 0.724588 0.0261399 -0.0078758 -0.688642
1403715539.900084585 -0.110538 0.510591 1.51123 0.725454 0.0250779 -0.00326511 -0.687806
1403715540.000222010 -0.187432 0.582236 1.53775 0.7259 0.0365025 0.0016506 -0.686828
1403715540.110255734 -0.274411 0.647495 1.57477 0.72958 0.0616531 0.0146234 -0.680954
1403715540.220388234 -0.366886 0.699964 1.61489 0.731864 0.0786733 0.017298 -0.676673
1403715540.330254567 -0.463482 0.738409 1.65647 0.732942 0.075979 0.0151838 -0.675864
1403715540.430192808 -0.549847 0.758967 1.6944 0.736246 0.0565306 0.0278626 -0.673773
1403715540.530145105 -0.639676 0.765295 1.72762 0.738591 0.049347 0.0433139 -0.670949
1403715540.640151760 -0.739596 0.757196 1.75834 0.734624 0.0546217 0.054479 -0.674074
1403715540.740159790 -0.830107 0.732998 1.78412 0.732524 0.0680596 0.0548782 -0.675104
1403715540.850089259 -0.928878 0.69008 1.8078 0.728561 0.0741441 0.0442852 -0.679515
1403715540.950101680 -1.01866 0.637883 1.82829 0.727502 0.0672054 0.0330036 -0.682008
1403715541.060203864 -1.1178 0.564457 1.84813 0.726272 0.0549001 0.0269203 -0.684682
1403715541.160145213 -1.20998 0.485664 1.8639 0.727562 0.0503116 0.0262023 -0.683692
1403715541.260117959 -1.30603 0.398804 1.87898 0.727172 0.0539535 0.00567453 -0.684308
1403715541.370237681 -1.41325 0.296651 1.89344 0.726469 0.044754 -0.00513763 -0.685721
1403715541.480241995 -1.52125 0.186898 1.90451 0.725015 0.0348587 0.00301567 -0.687844
1403715541.590139888 -1.63272 0.0690545 1.9136 0.723373 0.0410026 0.0213363 -0.688908
1403715541.690150852 -1.73299 -0.0433544 1.92185 0.722465 0.0382359 0.0373063 -0.689341
1403715541.790133550 -1.82726 -0.160498 1.9285 0.723036 0.0184272 0.0485503 -0.688856
1403715541.890207429 -1.91385 -0.283588 1.93328 0.724483 -0.00922431 0.0587521 -0.686723
1403715542.000268122 -1.99493 -0.424695 1.93932 0.72819 -0.0328486 0.0666838 -0.681332
1403715542.100373820 -2.05226 -0.553613 1.94595 0.736288 -0.0526005 0.066413 -0.671344
1403715542.210158744 -2.0954 -0.692057 1.95341 0.750534 -0.0713829 0.0527755 -0.654842
1403715542.310203683 -2.11811 -0.812382 1.96182 0.767623 -0.0713712 0.0321493 -0.636103
1403715542.420299334 -2.12623 -0.933497 1.97532 0.785926 -0.0683429 0.00384293 -0.614519
1403715542.530271754 -2.1238 -1.04004 1.98819 0.80489 -0.0582267 -0.0285883 -0.589868
1403715542.630098620 -2.11501 -1.12399 1.9993 0.816113 -0.0462441 -0.0362123 -0.574899
1403715542.730210384 -2.10324 -1.19509 2.0086 0.824909 -0.0361679 -0.0321992 -0.563188
1403715542.840191720 -2.08832 -1.26223 2.01647 0.832563 -0.0369506 -0.0157825 -0.552472
1403715542.940199412 -2.07967 -1.31149 2.01344 0.833858 -0.0218259 -0.0203166 -0.551173
1403715543.040183458 -2.0719 -1.35614 2.00453 0.838556 -0.00928689 -0.022926 -0.544253
1403715543.150145258 -2.05914 -1.39491 1.98652 0.836267 -0.0105172 -0.0228773 -0.547744
1403715543.250335974 -2.0622 -1.42711 1.96907 0.836396 -0.00539809 -0.0357968 -0.546929
1403715543.350282271 -2.05916 -1.45042 1.95334 0.833654 -0.0160679 -0.0310721 -0.551178
1403715543.460196095 -2.07317 -1.47407 1.93522 0.834547 -0.0100819 -0.0362393 -0.549652
1403715543.570167173 -2.08737 -1.48388 1.91696 0.831708 -0.021002 -0.0382936 -0.553492
1403715543.670186426 -2.10595 -1.4851 1.89879 0.829624 -0.0277229 -0.0491818 -0.555461
1403715543.780215479 -2.12562 -1.47378 1.87862 0.825169 -0.0524851 -0.0440655 -0.560713
1403715543.880085049 -2.14301 -1.4497 1.85733 0.816791 -0.075629 -0.0320842 -0.571054
1403715543.980344384 -2.15835 -1.41197 1.83281 0.801875 -0.081571 -0.0259392 -0.591329
1403715544.090153003 -2.16762 -1.35574 1.80564 0.783974 -0.0841719 -0.00571158 -0.615035
1403715544.190284417 -2.17154 -1.29222 1.76812 0.75852 -0.0664635 -0.00548656 -0.648229
1403715544.290264231 -2.16909 -1.22007 1.71853 0.726519 -0.049264 -0.00401966 -0.685366
1403715544.400089286 -2.16175 -1.13425 1.64795 0.686413 -0.0274512 -0.0119369 -0.726596
1403715544.500312734 -2.15066 -1.05061 1.57249 0.650898 -0.0127174 -0.0168284 -0.758872
1403715544.610327705 -2.13386 -0.954259 1.49624 0.61741 -0.0078779 -0.0194692 -0.786361
1403715544.720223355 -2.11409 -0.852117 1.43883 0.592354 -0.0139132 -0.0214568 -0.805272
1403715544.830196180 -2.09194 -0.744861 1.41463 0.581882 -0.0247653 -0.0231853 -0.812565
1403715544.930324265 -2.07014 -0.642082 1.42178 0.578927 -0.0262623 -0.0239577 -0.814604
1403715545.030154703 -2.04528 -0.535817 1.44369 0.57595 -0.0213543 -0.0189748 -0.816986
1403715545.140273494 -2.01403 -0.415897 1.4675 0.569282 -0.0140076 -0.0125707 -0.821927
1403715545.250218262 -1.9794 -0.294018 1.48112 0.55723 -0.0111704 -0.00606444 -0.830261
1403715545.360274254 -1.94378 -0.171361 1.47936 0.542077 -0.00356408 -0.00603704 -0.8403
1403715545.470328041 -1.90854 -0.0476591 1.4734 0.529255 0.00364883 -0.0129268 -0.848356
1403715545.580189507 -1.87764 0.0776608 1.47167 0.519253 0.0167891 -0.0315933 -0.853871
1403715545.680219724 -1.85401 0.191999 1.47549 0.513874 0.0248019 -0.0423024 -0.856463
1403715545.780361438 -1.83745 0.309559 1.48189 0.515356 0.0269454 -0.0441417 -0.855415
1403715545.890346641 -1.82625 0.441162 1.48642 0.523213 0.0223985 -0.0392509 -0.851003
1403715546.000289732 -1.82195 0.574484 1.49162 0.541092 0.0116367 -0.028431 -0.840402
1403715546.110186264 -1.82247 0.708649 1.49927 0.571586 0.00450324 -0.0143958 -0.820404
1403715546.220418338 -1.82485 0.842812 1.50847 0.608125 -0.000125754 -0.0059307 -0.79382
1403715546.320412833 -1.82925 0.964548 1.51799 0.645631 0.00245949 -0.00819155 -0.763602
1403715546.420405800 -1.83217 1.08497 1.53111 0.680927 0.00296234 -0.00500479 -0.732328
1403715546.530285440 -1.83678 1.21578 1.54965 0.721316 0.00269717 -0.00181063 -0.692599
1403715546.630369180 -1.84133 1.33225 1.56625 0.755939 0.00555976 0.00323736 -0.654611
1403715546.740253737 -1.844 1.45511 1.58394 0.792343 0.00946396 0.0160047 -0.609792
1403715546.850171913 -1.84461 1.56982 1.59938 0.82458 0.0198091 0.0374918 -0.564155
1403715546.960302156 -1.84256 1.6753 1.61387 0.853898 0.0291488 0.0465815 -0.517532
1403715547.070354062 -1.83257 1.7713 1.62815 0.87962 0.0196438 0.0569323 -0.471849
1403715547.180296138 -1.8132 1.85705 1.64135 0.90236 0.00830474 0.0633266 -0.426223
1403715547.280405444 -1.78777 1.92609 1.65337 0.921431 0.00323331 0.0634454 -0.383313
1403715547.380426011 -1.75002 1.98907 1.66449 0.935887 -0.00302348 0.0691799 -0.345428
1403715547.490241391 -1.69592 2.05155 1.6757 0.949199 -0.000829665 0.0752802 -0.305539
1403715547.600271388 -1.62588 2.10883 1.6834 0.960893 -0.000386923 0.0827974 -0.264252
1403715547.700322913 -1.54745 2.15667 1.68894 0.970247 -0.0030903 0.0876975 -0.225656
1403715547.800421740 -1.45336 2.20214 1.69469 0.978194 -0.00913668 0.0916188 -0.18617
1403715547.910391948 -1.33319 2.24865 1.69973 0.985522 -0.00893699 0.0872898 -0.145074
1403715548.010421321 -1.21076 2.29114 1.70475 0.990766 -0.0116807 0.0735258 -0.113315
1403715548.120163422 -1.06499 2.3374 1.70788 0.994801 -0.0140986 0.0473426 -0.0890593
1403715548.220273646 -0.924796 2.38091 1.70968 0.996557 -0.0173974 0.0271832 -0.0763741
1403715548.330387386 -0.765526 2.43238 1.70902 0.99713 -0.0248371 0.014278 -0.0700787
1403715548.440349946 -0.604285 2.48803 1.69663 0.996922 -0.0320222 0.0129579 -0.0703793
1403715548.550242324 -0.444346 2.54522 1.67336 0.997025 -0.020672 0.0109362 -0.0734431
1403715548.650278670 -0.299165 2.60187 1.65099 0.996826 -0.0127311 0.0118494 -0.0776918
1403715548.750295572 -0.154915 2.66095 1.62906 0.996441 -0.00895032 0.01036 -0.083179
1403715548.860241827 0.00391332 2.72943 1.60641 0.995959 -0.0100896 0.0106186 -0.0886087
1403715548.960473886 0.146481 2.79061 1.5858 0.995638 -0.00537099 0.00823051 -0.0927824
1403715549.070327368 0.30131 2.85893 1.56418 0.996273 -0.00378059 0.00501816 -0.0860267
1403715549.170287576 0.438663 2.9222 1.54546 0.99715 -0.00658287 -0.00810519 -0.0747184
1403715549.280338933 0.582585 2.99257 1.52627 0.997557 -0.0118063 -0.0259375 -0.0637724
1403715549.380446175 0.706395 3.05357 1.51008 0.997666 -0.00261514 -0.0373303 -0.0571082
1403715549.490273131 0.833802 3.11891 1.49365 0.998106 0.0141947 -0.0331341 -0.0498427
1403715549.590503511 0.943102 3.17495 1.48254 0.99838 0.027681 -0.0213039 -0.0449122
1403715549.700237672 1.05296 3.22641 1.46761 0.997621 0.0484256 -0.00800547 -0.048406
1403715549.800296698 1.1479 3.26509 1.45795 0.996284 0.0579232 -0.00653461 -0.0634113
1403715549.900337359 1.23571 3.29171 1.44843 0.99453 0.0619971 -0.0107165 -0.0833711
1403715550.000417013 1.31676 3.30104 1.43998 0.989937 0.0823825 -0.0127173 -0.114348
1403715550.110317201 1.39985 3.29372 1.43535 0.983856 0.090613 -0.00755934 -0.154141
1403715550.210401345 1.47017 3.27127 1.4395 0.977762 0.0811094 -0.000775232 -0.193395
1403715550.320399178 1.54032 3.22582 1.45993 0.969545 0.0679544 0.00765669 -0.235172
1403715550.420396120 1.59613 3.16847 1.49087 0.960419 0.0530194 0.0103239 -0.273271
1403715550.520327876 1.65007 3.10178 1.5304 0.949749 0.0415873 0.00717227 -0.310155
1403715550.630306385 1.70307 3.01806 1.56482 0.935947 0.0353082 0.00316807 -0.350353
1403715550.740261973 1.75124 2.92474 1.58257 0.918214 0.0439185 0.00149035 -0.393639
1403715550.840263709 1.78853 2.83418 1.58642 0.901182 0.0551844 -0.0062832 -0.429867
1403715550.940403793 1.81813 2.73622 1.57706 0.882661 0.070934 -0.0138801 -0.46442
1403715551.050302897 1.84175 2.62112 1.5638 0.861687 0.0704649 -0.0159761 -0.502269
1403715551.150395861 1.84985 2.50697 1.56126 0.841087 0.0650763 -0.0177701 -0.536677
1403715551.260287823 1.84351 2.37305 1.57714 0.817429 0.0643566 -0.0255561 -0.571853
1403715551.360320811 1.82174 2.24213 1.59835 0.793332 0.0719203 -0.031801 -0.603689
1403715551.460357000 1.78747 2.10851 1.62112 0.768177 0.0722555 -0.0386483 -0.634972
1403715551.570412943 1.73241 1.95862 1.64456 0.739038 0.0659797 -0.0444905 -0.668947
1403715551.670473359 1.66933 1.82244 1.66496 0.710784 0.0492177 -0.0464552 -0.700147
1403715551.770243589 1.59516 1.69094 1.68593 0.682741 0.0263398 -0.0506565 -0.728426
1403715551.880433279 1.50052 1.55379 1.70708 0.649474 0.00830877 -0.0619829 -0.757808
1403715551.990334571 1.39801 1.43 1.72808 0.614774 -0.0110414 -0.0733157 -0.785211
1403715552.100438963 1.2909 1.32003 1.74691 0.579795 -0.0249382 -0.0651168 -0.811773
1403715552.210466347 1.18223 1.22728 1.76517 0.546396 -0.0340256 -0.0548791 -0.835034
1403715552.320354512 1.07633 1.15387 1.77987 0.509246 -0.0491336 -0.0529566 -0.857584
1403715552.420598948 0.985941 1.10191 1.79296 -0.472884 0.0597627 0.0501736 0.877663
1403715552.530539934 0.894556 1.06213 1.8061 -0.428572 0.0654906 0.0505997 0.899709
1403715552.630433033 0.820892 1.04322 1.81669 -0.385756 0.0679255 0.0608302 0.918084
1403715552.740402862 0.75093 1.03995 1.82678 -0.334837 0.0664566 0.0689315 0.937399
1403715552.850337272 0.691155 1.05628 1.83423 -0.279374 0.0576081 0.0771373 0.955344
1403715552.950338325 0.645539 1.08892 1.83783 -0.228959 0.048007 0.0857519 0.968462
1403715553.050267858 0.60535 1.13954 1.83747 -0.179686 0.0329649 0.0999331 0.97808
1403715553.160393205 0.568673 1.21384 1.83344 -0.125388 0.0260376 0.104167 0.98628
1403715553.260448685 0.542069 1.3008 1.8268 -0.0772561 0.0322646 0.107083 0.990719
1403715553.370443415 0.52034 1.41582 1.81609 -0.0264613 0.050413 0.102051 0.993149
1403715553.480468501 0.512591 1.54691 1.80134 0.025292 0.0778733 0.0816509 0.993292
1403715553.580480102 0.520195 1.67752 1.78359 0.0717003 0.0981753 0.0605419 0.990735
1403715553.680557998 0.543806 1.81584 1.76458 0.107129 0.103618 0.041228 0.987971
1403715553.790471815 0.586913 1.97148 1.74558 0.132579 0.0811379 0.0215891 0.98761
1403715553.900403820 0.646138 2.12685 1.72854 0.148302 0.0434897 0.0074945 0.987957
1403715554.010484059 0.714976 2.28027 1.71492 0.15534 0.00786997 0.00123575 0.987829
1403715554.120484000 0.783091 2.43321 1.70268 0.155715 -0.0341911 0.00835508 0.987175
1403715554.220424658 0.838068 2.56985 1.69113 0.155264 -0.0665096 0.0140886 0.985531
1403715554.330490665 0.884346 2.71805 1.67745 0.151886 -0.0895603 0.00513902 0.984319
1403715554.430537822 0.911746 2.84672 1.6563 0.144527 -0.091734 -0.028173 0.984837
1403715554.540605720 0.927206 2.96937 1.62066 0.120894 -0.0641386 -0.112528 0.984179
1403715554.650606141 0.926021 3.06556 1.5689 0.10209 -0.0342002 -0.1949 0.974896
1403715554.760424634 0.9119 3.12191 1.50767 0.0913933 -0.00765224 -0.239847 0.966469
1403715554.870364564 0.890729 3.1136 1.45498 0.0864478 0.0132308 -0.266109 0.959967
1403715554.970631457 0.8689 3.03519 1.43108 0.0901105 0.0324639 -0.259534 0.960973
1403715555.080666804 0.850337 2.88186 1.4453 0.100792 0.0410121 -0.179531 0.977715
1403715555.190523927 0.833311 2.68071 1.48425 0.112155 0.0235208 -0.0713356 0.990848
1403715555.300525446 0.818446 2.46752 1.51508 0.117351 -0.00321768 0.0455944 0.992038
1403715555.410445844 0.806976 2.25668 1.52139 0.119248 -0.013259 0.114296 0.986175
1403715555.510522310 0.799267 2.07864 1.52888 0.120719 -0.00265574 0.110462 0.986518
1403715555.620580479 0.793817 1.91184 1.55183 0.121286 0.0109842 0.0894907 0.988514
1403715555.730623847 0.789518 1.77197 1.5925 0.11725 0.00650077 0.0632747 0.991063
1403715555.840513699 0.789068 1.66203 1.64754 0.110951 -0.00262536 0.0770705 0.99083
1403715555.950427735 0.79107 1.57494 1.71831 0.106204 -0.0106602 0.0887234 0.990321
1403715556.060532005 0.792899 1.51402 1.78976 0.102238 -0.0203552 0.110442 0.988401
1403715556.170419549 0.794737 1.47694 1.84764 0.100175 -0.0199321 0.125732 0.986792
1403715556.270359877 0.797181 1.46578 1.89584 0.0990249 -0.00802855 0.122952 0.987427
1403715556.380427817 0.799541 1.48016 1.94737 0.094814 -0.000223408 0.11122 0.989262
1403715556.490505895 0.802414 1.51779 1.99275 0.090882 -0.0011551 0.087634 0.991998
1403715556.590573476 0.805306 1.56482 2.02029 0.0872448 -0.00723527 0.0508396 0.994862
1403715556.700445428 0.807659 1.62956 2.0311 0.0832451 -0.0165933 0.031426 0.995895
1403715556.800468290 0.807335 1.69359 2.0263 0.0784507 -0.0260885 0.0114582 0.996511
1403715556.910380160 0.80392 1.76494 2.01033 0.075348 -0.024607 -0.00815429 0.99682
1403715557.010708960 0.794333 1.82951 1.99605 0.0728125 -0.0285667 -0.0159709 0.996809
1403715557.120456205 0.773828 1.89966 1.98241 0.0741177 -0.0466683 -0.00444074 0.996147
1403715557.230436890 0.741895 1.96813 1.97042 0.0747443 -0.0654839 0.00983972 0.995002
1403715557.330495595 0.700426 2.03007 1.96027 0.0763027 -0.0779092 0.0164717 0.9939
1403715557.430440591 0.645298 2.09328 1.94934 0.0774262 -0.0817194 0.0181715 0.993477
1403715557.540447431 0.572014 2.16298 1.93513 0.0802424 -0.0627551 0.0120485 0.994725
1403715557.640547146 0.493622 2.22624 1.92028 0.0817614 -0.041551 -0.000291471 0.995785
1403715557.750422113 0.398373 2.29352 1.90374 0.0845023 -0.0231827 -0.012721 0.996072
1403715557.860456333 0.295375 2.35904 1.89364 0.0887604 -0.0172257 -0.00922101 0.995861
1403715557.960527760 0.196979 2.4145 1.89602 0.0957499 -0.0186917 -0.00432393 0.995221
1403715558.070500602 0.0865485 2.47169 1.91331 0.100106 -0.0178034 5.07967e-05 0.994817
1403715558.170562080 -0.0181766 2.52137 1.94118 0.103822 -0.0210971 0.0005932 0.994372
1403715558.270584821 -0.125374 2.56763 1.97184 0.107575 -0.0246805 -0.00742803 0.993863
1403715558.380458960 -0.245654 2.61316 2.00243 0.108064 -0.0186698 -0.0247831 0.99366
1403715558.490415231 -0.36505 2.65598 2.02657 0.108521 0.00172613 -0.0215794 0.993858
1403715558.590554183 -0.470452 2.68952 2.03759 0.107621 0.0310739 -0.0155638 0.993584
1403715558.700621906 -0.582736 2.71948 2.03793 0.107872 0.0453575 -0.0157063 0.993005
1403715558.800533914 -0.676127 2.74402 2.0296 0.10303 0.0483676 -0.0134799 0.99341
1403715558.910483742 -0.767304 2.76376 2.02103 0.0874535 0.0487925 -0.0201184 0.99477
1403715559.020461571 -0.845127 2.77469 2.01651 0.0672848 0.0490992 -0.0364383 0.995859
1403715559.130539855 -0.909532 2.7809 2.01614 0.0416025 0.0505831 -0.0341804 0.997267
1403715559.230748504 -0.956212 2.77705 2.01814 0.0147351 0.0520714 -0.0354356 0.997906
1403715559.330792333 -0.991127 2.76458 2.0207 -0.0123887 0.0545096 -0.0397905 0.997643
1403715559.430603949 -1.01708 2.74272 2.02228 -0.0393737 0.0476918 -0.0475322 0.996953
1403715559.540436876 -1.03659 2.71167 2.01982 -0.065531 0.0257292 -0.0481817 0.996354
1403715559.650467371 -1.04969 2.67522 2.00164 -0.0836606 0.00747538 -0.0315034 0.995968
1403715559.760501605 -1.05638 2.63055 1.96745 -0.0998837 0.000665022 -0.0281371 0.994601
1403715559.870590382 -1.0612 2.57699 1.93068 -0.119491 0.000183989 -0.0378807 0.992112
1403715559.980631803 -1.06468 2.51671 1.89343 -0.144393 -0.00271046 -0.0425959 0.988599
1403715560.080544853 -1.06623 2.45205 1.86212 -0.166145 -0.00270752 -0.0521141 0.98472
1403715560.180583616 -1.06667 2.37911 1.83948 -0.190328 -0.00417927 -0.0505016 0.980412
1403715560.280666549 -1.06697 2.29754 1.83024 -0.216497 -0.00796806 -0.0375745 0.975527
1403715560.390420293 -1.06746 2.19867 1.83244 -0.244265 -0.0122036 -0.0284196 0.969215
1403715560.490547106 -1.06753 2.10279 1.83529 -0.266391 -0.0135495 -0.0233539 0.963487
1403715560.600450511 -1.07017 1.99417 1.83799 -0.293595 -0.0141561 -0.0155423 0.955699
1403715560.700577209 -1.07333 1.89107 1.84036 -0.32055 -0.0138291 -0.016458 0.946988
1403715560.800605882 -1.07721 1.78434 1.84323 -0.347485 -0.0112525 -0.0202913 0.937398
1403715560.910571432 -1.08032 1.66195 1.84703 -0.377783 -0.00517252 -0.0343182 0.925244
1403715561.020588476 -1.08413 1.53611 1.85102 -0.410468 -0.00412781 -0.0363763 0.91114
1403715561.130453087 -1.08498 1.40571 1.85554 -0.444399 -0.00403745 -0.0336195 0.895189
1403715561.240523040 -1.08525 1.27073 1.85908 -0.474872 -0.00984015 -0.0226683 0.879708
1403715561.340682614 -1.08663 1.14663 1.86169 -0.493801 -0.0187015 -0.00326261 0.869368
1403715561.440678326 -1.09053 1.02127 1.86341 0.51272 0.0264728 -0.00943233 -0.858096
1403715561.550478467 -1.0951 0.88305 1.86491 0.533294 0.0193525 -0.0086962 -0.845664
1403715561.650559481 -1.10158 0.759104 1.86693 0.551126 0.00905379 -0.00418692 -0.834363
1403715561.760507328 -1.10749 0.624604 1.86991 0.571845 -0.00765285 0.00221712 -0.820323
1403715561.870543318 -1.11219 0.49447 1.87397 0.593828 -0.0203953 -0.00161113 -0.804332
1403715561.970616728 -1.11123 0.383589 1.8792 0.61288 -0.0363776 -0.0057567 -0.789317
1403715562.080728396 -1.10454 0.268773 1.88579 0.637043 -0.0490379 -0.0170347 -0.769078
1403715562.180503606 -1.08963 0.177579 1.8933 0.649273 -0.0641008 -0.0249479 -0.757439
1403715562.290605362 -1.06272 0.0901426 1.90376 0.656839 -0.0769405 -0.0188323 -0.749859
1403715562.390645909 -1.027 0.0220199 1.91514 0.66014 -0.0807772 0.00678299 -0.746756
1403715562.500557271 -0.97489 -0.0417213 1.92591 0.662556 -0.0702909 0.0295242 -0.745122
1403715562.610705366 -0.905003 -0.0950656 1.93629 0.671327 -0.0721734 0.050715 -0.735893
1403715562.710583592 -0.832683 -0.13844 1.9456 0.681264 -0.0510343 0.0386735 -0.729232
1403715562.820615107 -0.738025 -0.183695 1.95495 0.693242 -0.0289213 0.0243205 -0.719714
1403715562.930589158 -0.636306 -0.226349 1.96272 0.704358 -0.00638345 0.0101643 -0.709743
1403715563.040587495 -0.531381 -0.267268 1.96858 0.720813 0.00347117 0.0029598 -0.693115
1403715563.140532063 -0.433738 -0.301704 1.97135 0.737532 -0.00531939 -0.00442126 -0.675277
1403715563.260625089 -0.319313 -0.338188 1.97275 0.765044 -0.0204062 -0.0142493 -0.643497
1403715563.360703334 -0.225811 -0.362398 1.97423 0.792204 -0.0297437 -0.0233688 -0.609083
1403715563.470608321 -0.123452 -0.381126 1.97552 0.823271 -0.0372205 -0.0257722 -0.56584
1403715563.580714893 -0.0224534 -0.389403 1.96721 0.850772 -0.0437449 -0.02713 -0.523009
1403715563.700699185 0.0870146 -0.384205 1.94258 0.875646 -0.058968 -0.0229503 -0.47879
1403715563.800726363 0.175116 -0.366892 1.91055 0.894459 -0.0669917 -0.0265091 -0.441307
1403715563.897327149 0.249581 -0.343558 1.87261 0.910967 -0.0571833 -0.038662 -0.406662
1403715564.010785018 0.345477 -0.298383 1.81226 0.931364 -0.0392994 -0.0474883 -0.358834
1403715564.120804052 0.424001 -0.248271 1.75394 0.948199 -0.0115356 -0.0494818 -0.313587
1403715564.230771264 0.489684 -0.191428 1.69797 0.963277 0.00857176 -0.053606 -0.262965
1403715564.340687620 0.542998 -0.129135 1.65196 0.976062 0.00803921 -0.0479411 -0.211993
1403715564.450699153 0.582701 -0.0689433 1.621 0.987285 0.0113158 -0.0342095 -0.154821
1403715564.560617719 0.612624 -0.00971482 1.61172 0.99529 0.00684679 -0.0132526 -0.0957848
1403715564.660684786 0.633619 0.0433831 1.61838 0.999101 0.00302639 -0.00390972 -0.0421071
1403715564.770619149 0.652896 0.101097 1.64244 0.999875 -0.00747232 -0.000324541 0.0139226
1403715564.880562793 0.669538 0.16245 1.68223 0.997291 -0.0253538 -0.0011887 0.0690385
1403715564.990689443 0.6818 0.222902 1.73627 0.992226 -0.0244714 -0.0132657 0.121295
1403715565.100621939 0.693346 0.290022 1.80607 0.984399 -0.0280612 -0.0170047 0.172865
1403715565.200806618 0.698951 0.352205 1.87007 0.975358 -0.017065 -0.0152917 0.219435
1403715565.301143616 0.69939 0.416836 1.92345 0.964802 -0.0135315 -0.0175712 0.262042
1403715565.410686554 0.694637 0.486891 1.96538 0.951495 -0.00246475 -0.0273585 0.306435
1403715565.520726274 0.68478 0.552672 1.99316 0.936414 0.00953278 -0.0371324 0.348797
1403715565.630715765 0.667433 0.61317 2.01466 0.916809 0.0172342 -0.04385 0.396536
1403715565.730680862 0.645088 0.659346 2.03904 0.896264 0.027772 -0.0430242 0.440555
1403715565.840623198 0.612303 0.704075 2.07383 0.868485 0.0191738 -0.0362531 0.494016
1403715565.950594313 0.574708 0.736897 2.11075 0.832772 0.0207023 -0.032398 0.552279
1403715566.050625186 0.536942 0.758854 2.14369 0.795496 0.0249426 -0.0265953 0.604861
1403715566.150560708 0.49384 0.773712 2.17409 0.756715 0.0173131 -0.0314773 0.652758
1403715566.260585613 0.447094 0.780734 2.20774 0.7117 0.0251065 -0.0258065 0.701561
1403715566.370659039 0.397382 0.778278 2.23954 0.665745 0.0207188 -0.0277218 0.745376
1403715566.480612853 0.350079 0.767017 2.2619 0.615793 0.0232092 -0.0249758 0.78717
1403715566.580760176 0.304265 0.748936 2.27026 0.573065 0.0221833 -0.0315925 0.8186
1403715566.670642276 0.264158 0.725348 2.26568 0.536843 0.0240985 -0.0368215 0.842534
1403715566.790598975 0.213982 0.684049 2.2537 0.480694 0.0267742 -0.0382885 0.875643
1403715566.910731806 0.167876 0.631 2.24341 0.418558 0.0294557 -0.0339344 0.907078
1403715567.020689760 0.128646 0.571395 2.23634 0.353744 0.032564 -0.0264385 0.934401
1403715567.120633999 0.0977642 0.510367 2.2294 0.289518 0.0297097 -0.0202985 0.956496
1403715567.220636998 0.0712706 0.445153 2.22346 0.22136 0.0289127 -0.00878391 0.974724
1403715567.330628907 0.0479776 0.370345 2.21373 0.141201 0.0181186 0.00100236 0.989815
1403715567.430643621 0.0279392 0.297869 2.20372 0.0671985 0.00813692 -0.00744557 0.997679
1403715567.540636958 0.00962705 0.21862 2.18011 -0.0134485 0.00140044 -0.00948204 0.999864
1403715567.640720017 -0.00439201 0.144766 2.14445 -0.0806072 -0.000744669 -0.00472302 0.996734
1403715567.760718331 -0.0202556 0.0529669 2.09264 -0.161687 0.00265814 -0.012537 0.986759
1403715567.860648053 -0.0308171 -0.024645 2.04789 -0.225305 0.00965558 -0.00941502 0.974195
1403715567.960665110 -0.0390271 -0.10493 2.00524 -0.289003 0.0167443 -0.0149697 0.957065
1403715568.060588116 -0.0419161 -0.185625 1.96463 -0.349655 0.024983 -0.0192558 0.936347
1403715568.170739021 -0.0375097 -0.273972 1.92255 -0.408549 0.0349937 -0.0177292 0.911893
1403715568.280578940 -0.0255693 -0.359947 1.88311 -0.467533 0.0386336 -0.00844471 0.883091
1403715568.380662399 -0.00630077 -0.435395 1.84928 0.517583 -0.0407911 0.00469361 -0.854648
1403715568.500726859 0.0274055 -0.521162 1.81273 0.573084 -0.0400955 0.00179435 -0.818513
1403715568.600818847 0.06329 -0.586608 1.78821 0.618591 -0.0421982 0.00106544 -0.784579
1403715568.690732940 0.101849 -0.640746 1.77122 0.657439 -0.0412069 0.00291958 -0.752374
1403715568.810651374 0.160486 -0.704079 1.75413 0.705439 -0.0368715 0.000497276 -0.707811
1403715568.920673379 0.221738 -0.75493 1.74264 0.746942 -0.0374536 0.00554454 -0.66381
1403715569.030653229 0.289025 -0.799924 1.73204 0.779703 -0.0301567 0.00924759 -0.625354
1403715569.130685144 0.354351 -0.835152 1.72131 0.806778 -0.0256946 0.0162647 -0.590072
1403715569.230844737 0.421888 -0.867405 1.70955 0.831823 -0.0174567 0.0122236 -0.554632
1403715569.340568656 0.498999 -0.895342 1.6979 0.851504 -0.0228943 0.000726404 -0.523847
1403715569.460703240 0.582987 -0.919454 1.68671 0.868894 -0.0318177 -0.0167803 -0.493689
1403715569.560612560 0.652566 -0.931504 1.67944 0.882398 -0.0360499 -0.0231651 -0.468547
1403715569.670652334 0.729305 -0.934927 1.67484 0.897341 -0.0450944 -0.0171543 -0.438692
1403715569.780652196 0.800423 -0.928549 1.67099 0.913712 -0.0357048 -0.0185109 -0.404368
1403715569.890662893 0.870723 -0.912812 1.66896 0.930809 -0.0266 -0.0151371 -0.364223
1403715570.000760392 0.938576 -0.884727 1.66756 0.946335 -0.0296243 -0.0200651 -0.321201
1403715570.040708343 0.961768 -0.872769 1.66689 0.951273 -0.0278041 -0.0241311 -0.306144
1403715570.190651141 1.04267 -0.817089 1.66279 0.969597 -0.025225 -0.0313508 -0.241375
1403715570.320718526 1.10582 -0.75305 1.65829 0.982796 -0.0321989 -0.0331805 -0.178815
1403715570.430656482 1.1475 -0.691897 1.65226 0.990514 -0.0287107 -0.0384009 -0.128779
1403715570.540662714 1.17998 -0.622539 1.64459 0.99615 -0.0307692 -0.0443217 -0.0690995
1403715570.640804588 1.19861 -0.556731 1.63521 0.99854 -0.017698 -0.0489019 -0.0146242
1403715570.760694705 1.21234 -0.466783 1.62238 0.997667 -0.0257278 -0.0381006 0.0504641
1403715570.870705568 1.21318 -0.381884 1.60956 0.993139 -0.0251288 -0.0331709 0.109288
1403715570.970825857 1.20672 -0.302538 1.59662 0.986262 -0.0185393 -0.0248319 0.162258
1403715571.080744857 1.1919 -0.21237 1.58339 0.977464 -0.0142056 -0.0178466 0.209868
1403715571.180728849 1.17302 -0.132637 1.56838 0.970397 0.00200573 -0.0185048 0.240797
1403715571.290657505 1.14304 -0.0439195 1.55392 0.965163 0.00470139 -0.0345797 0.25931
1403715571.390689163 1.11046 0.0327598 1.54294 0.961777 0.00651553 -0.0449602 0.27004
1403715571.500687722 1.06772 0.115347 1.53403 0.961281 0.000426764 -0.0361155 0.273195
1403715571.591139793 1.02899 0.177303 1.52676 0.960947 0.00765414 -0.0170561 0.2761
1403715571.710681041 0.979577 0.252854 1.50606 0.959969 0.0331885 0.0237324 0.27712
1403715571.820805504 0.944176 0.312747 1.47016 0.956552 0.0639787 0.0699618 0.275719
1403715571.926784974 0.927634 0.357952 1.43324 0.952921 0.0847521 0.106071 0.271123
1403715572.030704021 0.935721 0.399016 1.39706 0.950836 0.0792413 0.137703 0.265837
1403715572.130869555 0.971888 0.430728 1.36774 0.950599 0.0517515 0.149626 0.26701
1403715572.230763233 1.03084 0.461452 1.34282 0.953211 0.00870098 0.130353 0.272618
1403715572.340673835 1.11594 0.498651 1.31436 0.951811 -0.0375561 0.0723741 0.295648
1403715572.460850569 1.22356 0.545865 1.28039 0.944589 -0.0552525 0.008601 0.323457
1403715572.560886412 1.31505 0.594409 1.25213 0.935411 -0.0529991 -0.0185527 0.349074
1403715572.660834454 1.40121 0.651035 1.22571 0.924007 -0.0461679 -0.0313059 0.378285
1403715572.770654309 1.48284 0.722264 1.19898 0.910274 -0.0440753 -0.0336029 0.410279
1403715572.870812480 1.54529 0.793831 1.18564 0.89586 -0.0454226 -0.0269994 0.441184
1403715572.890857846 1.55635 0.808575 1.1851 0.892911 -0.0436308 -0.0259928 0.44736
1403715573.080741016 1.64092 0.951627 1.19627 0.862218 -0.0225268 -0.0243601 0.505449
1403715573.180723620 1.67455 1.02769 1.21796 0.844964 -0.00859086 -0.0203684 0.534365
1403715573.280720179 1.70171 1.10265 1.24461 0.825554 -0.000690159 -0.0141296 0.564146
1403715573.380841230 1.72573 1.17747 1.27067 0.804646 -0.000161457 -0.0048048 0.593735
1403715573.490699886 1.75196 1.25537 1.29702 0.781332 0.00760899 0.00580779 0.624043
1403715573.610723783 1.78246 1.3388 1.32371 0.754641 0.0134534 0.0209037 0.655667
1403715573.710772801 1.80792 1.4081 1.34501 0.732769 0.0047064 0.0213564 0.680126
1403715573.810924785 1.83438 1.47928 1.36523 0.708795 -0.0108011 0.019461 0.705063
1403715573.920751245 1.86261 1.56214 1.38996 0.679619 -0.0349523 0.0182632 0.732504
1403715574.020782329 1.88899 1.64194 1.41087 0.649032 -0.038748 0.027017 0.759293
1403715574.130797002 1.91483 1.73822 1.43389 0.612644 -0.0366483 0.0369083 0.788645
1403715574.230831985 1.93263 1.83335 1.45725 0.574623 -0.0392318 0.0300965 0.816923
1403715574.340777872 1.94642 1.94172 1.47946 0.534921 -0.0325673 0.00806786 0.844235
1403715574.440773910 1.95136 2.04156 1.49866 0.502617 -0.0335587 -0.0229818 0.863552
1403715574.560764904 1.94783 2.15908 1.51522 0.481015 -0.0300522 -0.0385822 0.875348
1403715574.670728268 1.93012 2.26401 1.5313 0.459722 -0.0416583 -0.0472147 0.885828
1403715574.780757214 1.89792 2.36068 1.54364 0.440555 -0.04652 -0.0434382 0.895466
1403715574.890886088 1.8545 2.45007 1.55656 0.431326 -0.0349005 -0.0254601 0.901161
1403715575.000776898 1.80089 2.53563 1.57344 0.426857 -0.0189707 -0.0114252 0.904048
1403715575.110731403 1.73751 2.61293 1.59014 0.425222 -0.00301697 -0.0112511 0.905014
1403715575.210760128 1.67657 2.67761 1.60677 0.42477 0.0167575 -0.0215361 0.90489
1403715575.320780112 1.60826 2.73762 1.62506 0.430938 0.0349089 -0.0365665 0.900964
1403715575.430830156 1.5361 2.79178 1.64479 0.437871 0.0187359 -0.0291137 0.898371
1403715575.530869336 1.46998 2.82964 1.66338 0.444644 0.00539028 -0.0281909 0.895247
1403715575.640783750 1.39282 2.85453 1.68775 0.452182 -0.00104051 -0.0585761 0.889999
1403715575.750771026 1.30831 2.86696 1.71272 0.456776 -0.00879163 -0.0824329 0.885711
1403715575.850886483 1.2253 2.86717 1.73538 0.462303 -0.0107978 -0.0824672 0.882813
1403715575.950775374 1.13434 2.85381 1.75732 0.465994 -0.0104003 -0.0704245 0.881919
1403715576.150848962 0.934285 2.79656 1.79537 0.470413 0.000270886 -0.0355848 0.881729
1403715576.310757025 0.765542 2.72875 1.82138 0.469314 0.01145 -0.0208615 0.882711
1403715576.410850472 0.660318 2.67714 1.83902 0.467627 0.0245814 -0.0263235 0.883192
1403715576.510741877 0.55815 2.6172 1.85817 0.465894 0.0415328 -0.0330229 0.883248
1403715576.620924362 0.450621 2.53911 1.8812 0.465899 0.0541373 -0.0502506 0.881749
1403715576.732319950 0.347475 2.44765 1.90595 0.473994 0.0530169 -0.0565331 0.87711
1403715576.840741686 0.250447 2.34284 1.93371 0.484542 0.0399197 -0.0502439 0.872411
1403715576.940763562 0.166396 2.23631 1.96003 0.495075 0.0251331 -0.0363065 0.867727
1403715577.060821882 0.0688343 2.09702 1.99022 0.507153 0.0124956 -0.0252516 0.861395
1403715577.160774342 -0.00788605 1.97668 2.0129 0.519857 0.0188814 -0.00469089 0.854031
1403715577.260827985 -0.0825377 1.85368 2.02451 0.531424 0.022654 0.00668584 0.846777
1403715577.370818461 -0.162301 1.71659 2.01121 0.539042 0.0193652 0.00211278 0.842054
1403715577.470766667 -0.230828 1.59257 1.98334 0.545128 0.0159613 -0.00431002 0.83819
1403715577.570945958 -0.29466 1.46865 1.95539 0.54716 0.0141768 -0.00702749 0.836878
1403715577.670936869 -0.354188 1.34457 1.93659 0.549333 0.0132566 -0.00576536 0.835478
1403715577.780838908 -0.414294 1.20807 1.93243 0.549477 0.0135831 -7.99142e-05 0.835399
1403715577.880850307 -0.463077 1.08485 1.92886 0.553833 0.0198012 0.00974631 0.832335
1403715577.980852823 -0.504673 0.963484 1.91334 0.564693 0.0278813 0.0241434 0.824476
1403715578.090778042 -0.542076 0.834919 1.87893 0.580758 0.0289402 0.0464884 0.812232
1403715578.190846898 -0.564 0.726763 1.83499 0.598499 0.0321964 0.0831231 0.796149
1403715578.310793571 -0.576271 0.603834 1.77693 0.628131 0.0304088 0.0911414 0.772153
1403715578.410923240 -0.572832 0.51217 1.73013 0.656653 0.0278576 0.0813169 0.749279
1403715578.520910559 -0.556522 0.424857 1.68012 0.686331 0.00710744 0.0682528 0.724045
1403715578.621017284 -0.533622 0.361166 1.63384 0.708982 -0.0314 0.0658379 0.701444
1403715578.730767868 -0.501173 0.309406 1.58223 0.723533 -0.0678054 0.0787756 0.68242
1403715578.830832439 -0.469948 0.282954 1.53637 0.732045 -0.0873112 0.0880854 0.669871
1403715578.930854793 -0.440015 0.277541 1.49348 0.739806 -0.0923796 0.0806191 0.661554
1403715579.040781303 -0.412867 0.29467 1.45081 0.743857 -0.087771 0.0455106 0.660986
1403715579.140877854 -0.399993 0.332679 1.42225 0.744525 -0.0954372 -0.00109927 0.660737
1403715579.240870978 -0.402778 0.384901 1.40627 0.742778 -0.0949916 -0.0467317 0.661116
1403715579.360913451 -0.427866 0.460962 1.39755 0.743159 -0.0846506 -0.0657869 0.66047
1403715579.460856933 -0.472316 0.531175 1.39135 0.7447 -0.0829255 -0.064737 0.659055
1403715579.570847070 -0.540677 0.614047 1.38564 0.745943 -0.0757024 -0.0439078 0.660235
1403715579.670961285 -0.621592 0.690735 1.38118 0.746062 -0.0645948 -0.0342017 0.661853
1403715579.780797533 -0.726358 0.778673 1.37969 0.742665 -0.0501042 -0.0312204 0.667055
1403715579.870868417 -0.824936 0.850836 1.3863 0.743773 -0.0461203 -0.0368596 0.66582
1403715579.990895686 -0.96998 0.949079 1.40825 0.746165 -0.038935 -0.0370101 0.66359
1403715580.110871354 -1.12617 1.0455 1.42428 0.759339 -0.0255602 -0.0319612 0.649407
1403715580.210805149 -1.26136 1.12392 1.42276 0.775808 -0.0156004 -0.0239784 0.63032
1403715580.290794364 -1.37205 1.18499 1.41468 0.791164 -0.0110385 -0.0195184 0.611193
1403715580.660892706 -1.87787 1.43306 1.38391 0.850036 0.0379114 0.0245684 0.524783
1403715580.770883211 -2.00818 1.49305 1.37635 0.856791 0.0523197 0.0445081 0.511068
1403715580.870990516 -2.11054 1.54154 1.37138 0.860337 0.0648561 0.064433 0.501459
1403715580.980900667 -2.19869 1.5869 1.36864 0.861042 0.0871129 0.0899772 0.492872
1403715581.110881439 -2.26767 1.63572 1.37293 0.863061 0.0716621 0.104183 0.489015
1403715581.210884358 -2.29385 1.66939 1.38078 0.86542 0.0509713 0.0960975 0.489097
1403715581.320873626 -2.29608 1.70302 1.38955 0.866928 0.0426651 0.0819124 0.489803
1403715581.420912497 -2.27699 1.73267 1.39578 0.862272 0.0447426 0.0714071 0.499386
1403715581.531021469 -2.24152 1.76619 1.4013 0.853299 0.0246477 0.0488951 0.518538
1403715581.631018309 -2.20079 1.79728 1.39701 0.839715 0.00329386 0.0257934 0.542404
1403715581.731011355 -2.1574 1.83049 1.38227 0.82045 -0.0201817 0.00144915 0.57136
1403715581.850832980 -2.10637 1.87347 1.36077 0.794451 -0.0441145 -0.0163737 0.605503
1403715581.940863495 -2.0724 1.90711 1.35476 0.772795 -0.0465273 -0.0219961 0.632566
1403715582.060926330 -2.03644 1.9534 1.36208 0.74562 -0.0270783 -0.0251135 0.665347
1403715582.160917683 -2.01481 1.99018 1.37397 0.725913 -0.00496763 -0.0344523 0.686906
1403715582.261188068 -2.00066 2.02538 1.38284 0.709804 0.00560412 -0.0419466 0.703127
1403715582.370900076 -1.98942 2.06105 1.37822 0.700591 -0.00125226 -0.0331148 0.712793
1403715582.470907000 -1.98509 2.09023 1.3707 0.696758 -0.0164564 -0.0207996 0.716815
1403715582.580972827 -1.986 2.12054 1.36655 0.695588 -0.0314534 -0.0108187 0.717671
1403715582.690959803 -1.99313 2.15205 1.3755 0.698124 -0.0397286 -0.0019027 0.714871
1403715582.820898986 -2.01 2.19717 1.39109 0.703329 -0.0482742 0.00739529 0.709185
1403715582.920846267 -2.0273 2.24001 1.39082 0.708365 -0.0597416 0.0174911 0.703096
1403715583.021073348 -2.04812 2.29101 1.37752 0.712592 -0.0660841 0.0278077 0.697906
1403715583.130885899 -2.07513 2.35743 1.35053 0.717944 -0.0675768 0.0333345 0.69201
1403715583.230865729 -2.10319 2.42388 1.32246 0.721559 -0.0452808 0.0138759 0.690731
1403715583.351091273 -2.13762 2.50965 1.28897 0.725636 -0.00266859 -0.00659809 0.688042
1403715583.451009546 -2.16767 2.58048 1.259 0.725425 0.0284045 -0.0228168 0.687336
1403715583.560892447 -2.19842 2.64777 1.22393 0.723369 0.0557462 -0.0417547 0.686939
1403715583.660956525 -2.22522 2.69186 1.19198 0.718214 0.0860601 -0.0700988 0.686913
1403715583.760948998 -2.25019 2.71079 1.15904 0.712876 0.114732 -0.104098 0.683965
1403715583.860930234 -2.27173 2.69775 1.13215 0.706466 0.136607 -0.126783 0.682767
1403715583.968992239 -2.28949 2.64439 1.12365 0.70516 0.142912 -0.126217 0.682931
1403715584.071070122 -2.30327 2.53677 1.14375 0.704355 0.140857 -0.101765 0.68825
1403715584.180943397 -2.30633 2.38393 1.18966 0.70909 0.123718 -0.0563224 0.691891
1403715584.280977242 -2.29971 2.21935 1.24783 0.711358 0.0859916 -0.013913 0.697411
1403715584.400994550 -2.27798 2.00641 1.30644 0.711383 0.0463998 0.0312271 0.700575
1403715584.490979248 -2.25377 1.84291 1.32811 0.710184 0.0250467 0.0483247 0.701909
1403715584.610992245 -2.21089 1.62877 1.34293 0.709953 0.00825121 0.0579309 0.701813
1403715584.720903277 -2.16457 1.44405 1.35667 0.710076 -0.0183505 0.0491589 0.702167
1403715584.830898339 -2.11278 1.27421 1.37352 0.710816 -0.040859 0.040029 0.701048
1403715584.931048034 -2.0642 1.13434 1.39017 0.711655 -0.0537331 0.0364204 0.699524
1403715585.031051047 -2.02068 1.01142 1.40766 0.711926 -0.0770547 0.0358836 0.697092
1403715585.150956742 -1.97278 0.889222 1.42882 0.712069 -0.0945651 0.0528076 0.693705
1403715585.241274464 -1.94193 0.816204 1.44436 0.713145 -0.0978378 0.0614148 0.691434
1403715585.360998253 -1.90979 0.743155 1.46773 0.714733 -0.0832706 0.0526315 0.692425
1403715585.461022762 -1.89026 0.703905 1.48695 0.712469 -0.0748443 0.0359213 0.696775
1403715585.570907593 -1.87649 0.678443 1.50604 0.711719 -0.063402 0.0177625 0.699371
1403715585.670937544 -1.87117 0.66768 1.52141 0.709138 -0.0548568 0.00465931 0.702917
1403715585.781009507 -1.87283 0.667993 1.52971 0.707937 -0.056751 0.00166734 0.70399
1403715585.901005324 -1.87883 0.677528 1.51148 0.707828 -0.044261 0.0157178 0.704822
1403715585.991058171 -1.8852 0.691516 1.48492 0.709468 -0.0287609 0.0346669 0.703296
1403715586.110927653 -1.88911 0.716216 1.45194 0.710437 0.00531327 0.048956 0.702035
1403715586.211104953 -1.88947 0.74008 1.43836 0.711478 0.0270295 0.0313518 0.701488
1403715586.311163433 -1.88549 0.765369 1.43536 0.711459 0.0263291 0.00355047 0.702225
1403715586.421062357 -1.88089 0.789727 1.43386 0.712317 0.0131308 -0.0330303 0.700958
1403715586.530961316 -1.8757 0.806718 1.43337 0.712934 0.00992524 -0.0522729 0.69921
1403715586.651001505 -1.87378 0.811755 1.43284 0.70983 0.0147619 -0.0591562 0.701729
1403715586.762217141 -1.87765 0.805614 1.43483 0.711595 0.0151547 -0.0435447 0.701076
1403715586.870871115 -1.88711 0.793256 1.44018 0.713939 0.000943638 -0.0162643 0.700018
1403715586.980979236 -1.8988 0.775756 1.44537 0.715928 -0.00792783 0.00200264 0.698126
1403715587.090984580 -1.91015 0.75576 1.4502 0.716869 -0.0065424 0.0109985 0.697091
1403715587.191014884 -1.92149 0.736986 1.45831 0.718385 -0.00296878 0.00193788 0.695637
1403715587.301013477 -1.93487 0.716209 1.4708 0.715884 0.00166336 -0.0133579 0.698089
1403715587.411114567 -1.94773 0.693971 1.48572 0.712509 0.0114804 -0.0153427 0.701401
1403715587.501094865 -1.95646 0.673758 1.49943 0.712765 0.0219887 -0.00345936 0.701049
1403715587.621030244 -1.96242 0.643256 1.51858 0.716558 0.0396749 0.0204276 0.696098
1403715587.731081116 -1.96242 0.61243 1.53808 0.728734 0.0380558 0.0316857 0.683004
1403715587.860938679 -1.94549 0.57132 1.5594 0.752586 0.045327 0.0423133 0.655568
1403715587.970921838 -1.92182 0.534414 1.57622 0.780691 0.0370137 0.0289172 0.62315
1403715588.071174578 -1.8925 0.497283 1.59048 0.805275 0.0363124 0.0105403 0.591695
1403715588.180997502 -1.85546 0.452258 1.59435 0.831962 0.0343933 -0.0114645 0.553646
1403715588.291099410 -1.81487 0.400058 1.57319 0.85706 0.0409764 -0.0211237 0.51315
1403715588.390942223 -1.77799 0.346868 1.53661 0.876978 0.0408491 -0.0268328 0.478038
1403715588.511043982 -1.73647 0.271642 1.4895 0.897581 0.0375737 -0.0305763 0.43818
1403715588.591443678 -1.71029 0.214569 1.46057 0.910176 0.038661 -0.029421 0.411363
1403715588.791093500 -1.6487 0.0530124 1.39327 0.936872 0.0246378 -0.00192299 0.348797
1403715588.910942960 -1.61068 -0.0489212 1.35234 0.949949 0.00551875 0.0254062 0.311322
1403715589.011025437 -1.57465 -0.128904 1.31729 0.958749 -0.0138836 0.051079 0.279281
1403715589.110994269 -1.53176 -0.204526 1.28632 0.965811 -0.0297354 0.0682802 0.248321
1403715589.220990711 -1.47142 -0.277437 1.2666 0.972171 -0.0326857 0.0784348 0.21832
1403715589.320972291 -1.40325 -0.331295 1.2644 0.976462 -0.0350683 0.0847263 0.195228
1403715589.421155935 -1.31931 -0.37385 1.2735 0.980177 -0.0317937 0.0935947 0.171706
1403715589.531054298 -1.20754 -0.406636 1.28939 0.982834 -0.0393191 0.107287 0.144845
1403715589.651139502 -1.06158 -0.429357 1.31226 0.984642 -0.0367082 0.113433 0.127533
1403715589.761054044 -0.90395 -0.43608 1.3525 0.98747 -0.0338991 0.099667 0.117557
1403715589.861004877 -0.747143 -0.431297 1.40431 0.991431 -0.0296027 0.0554758 0.114502
1403715589.971058281 -0.564716 -0.418881 1.46684 0.992526 -0.0200258 0.0149497 0.119447
1403715590.081003463 -0.378259 -0.397747 1.52488 0.992721 -0.0172046 -0.00533243 0.119081
1403715590.191044013 -0.193357 -0.372623 1.57907 0.991944 -0.0179978 -0.00787838 0.125144
1403715590.311133009 0.00335222 -0.337557 1.63495 0.990488 -0.0266136 -0.000873424 0.134997
1403715590.421051440 0.176377 -0.296494 1.68306 0.987115 -0.0417403 -8.8446e-05 0.154475
1403715590.521073047 0.327716 -0.248429 1.7256 0.981145 -0.0634592 -0.000424362 0.182555
1403715590.631030433 0.486525 -0.185239 1.77 0.97292 -0.0777141 -0.000896863 0.217686
1403715590.731002877 0.6279 -0.117404 1.80953 0.965302 -0.0602625 0.00885172 0.253933
1403715590.851135278 0.791275 -0.0203829 1.85762 0.952345 -0.0463875 0.0119678 0.301237
1403715590.960966441 0.933607 0.0772075 1.89817 0.9385 -0.0303432 0.00680949 0.343875
1403715591.061187240 1.0598 0.173838 1.93395 0.921821 -0.0307689 0.00537361 0.386355
1403715591.161126919 1.18107 0.274352 1.96507 0.902496 -0.0286085 0.0064835 0.429698
1403715591.271184359 1.30758 0.394424 2.00098 0.876561 -0.0484907 0.00374751 0.478826
1403715591.381108220 1.42387 0.52028 2.03294 0.847758 -0.062225 -0.00375512 0.526708
1403715591.481069946 1.51937 0.64063 2.05935 0.822432 -0.0624817 -0.007183 0.565376
1403715591.590997000 1.61494 0.783544 2.08371 0.792143 -0.0614781 -0.00405065 0.607217
1403715591.701300090 1.69818 0.931274 2.09227 0.762629 -0.0537406 -0.00256182 0.644595
1403715591.811083389 1.76874 1.08593 2.08646 0.731273 -0.056275 -0.00998747 0.679686
1403715591.921026099 1.82499 1.24479 2.06264 0.702018 -0.0594473 -0.0178183 0.70945
1403715592.021221282 1.8647 1.39143 2.02765 0.675512 -0.061233 -0.0270871 0.734303
1403715592.121158039 1.89029 1.53984 1.98217 0.644933 -0.0682528 -0.0369135 0.760289
1403715592.221063294 1.8981 1.68514 1.94021 0.61237 -0.0642831 -0.0526614 0.786192
1403715592.311114128 1.88872 1.8124 1.91387 0.582111 -0.0564561 -0.06514 0.808527
1403715592.431131776 1.84953 1.97306 1.89692 0.53752 -0.0522166 -0.0725986 0.838496
1403715592.531087360 1.79347 2.09527 1.89291 0.496861 -0.0552827 -0.0796534 0.862397
1403715592.641087822 1.70972 2.21383 1.88987 0.457484 -0.0520259 -0.0947667 0.882622
1403715592.741034057 1.61261 2.30555 1.88599 0.418888 -0.0516108 -0.108885 0.900007
1403715592.991020208 1.3123 2.4791 1.88608 0.32066 -0.0300066 -0.0419463 0.945789
1403715593.151204212 1.09138 2.55845 1.88384 0.251195 -0.0131586 -0.00562255 0.967831
1403715593.271108492 0.921284 2.60849 1.87903 0.19841 -0.00549037 -0.00407019 0.980095
1403715593.341087516 0.821867 2.63533 1.87594 0.169413 -0.00445345 -0.00917935 0.985492
1403715593.480996004 0.622556 2.67892 1.87007 0.112202 -0.00779025 -0.0401576 0.992843
1403715593.581221195 0.481621 2.70248 1.86639 0.0717706 -0.00659772 -0.0501816 0.996136
1403715593.671170511 0.357625 2.71528 1.86397 0.0354324 0.00481955 -0.0519654 0.998008
1403715593.781103944 0.210688 2.71863 1.86084 -0.00911369 0.0217373 -0.0537474 0.998276
1403715593.881187638 0.0823023 2.70929 1.85834 -0.0515555 0.0286587 -0.055291 0.996726
1403715593.981121785 -0.0379673 2.68681 1.85634 -0.0954593 0.0288235 -0.0585232 0.993293
1403715594.091083136 -0.162263 2.64994 1.85473 -0.144764 0.0175925 -0.057533 0.987636
1403715594.201079912 -0.277207 2.60158 1.85355 -0.190886 0.00936714 -0.0516428 0.980208
1403715594.301263950 -0.374257 2.5466 1.85293 -0.22996 0.00530754 -0.0482568 0.971988
1403715594.401144911 -0.464449 2.48221 1.85333 -0.268226 0.00779463 -0.0518307 0.961929
1403715594.511175660 -0.55531 2.40077 1.85372 -0.312251 0.00984672 -0.0610582 0.947984
1403715594.621139391 -0.635332 2.30687 1.85387 -0.356686 0.0165244 -0.0708646 0.931386
1403715594.731084895 -0.708387 2.2009 1.85359 -0.402552 0.00454736 -0.0724447 0.912514
1403715594.841006763 -0.774437 2.08118 1.85429 -0.448089 -0.0200511 -0.0652083 0.891382
1403715594.941146459 -0.82858 1.96144 1.85342 -0.487504 -0.0358046 -0.0572435 0.870506
1403715595.061018589 -0.891201 1.80277 1.84949 0.531702 0.0455092 0.0520303 -0.844106
1403715595.161300297 -0.943205 1.65948 1.84622 0.568504 0.0453334 0.046846 -0.820094
1403715595.271146446 -1.00175 1.49188 1.83945 0.60906 0.0437784 0.0334076 -0.79121
1403715595.381143907 -1.06142 1.3166 1.83152 0.645542 0.0340822 0.0196169 -0.762712
1403715595.481148110 -1.11755 1.15264 1.82316 0.680875 0.0250948 0.0105327 -0.731894
1403715595.591240933 -1.17668 0.97015 1.81369 0.717993 0.00289708 0.00964054 -0.695978
1403715595.711163249 -1.23441 0.777579 1.80004 0.75376 -0.0419838 0.00917706 -0.655743
1403715595.811228546 -1.27398 0.628204 1.79056 0.780094 -0.0851042 0.00861577 -0.619787
1403715595.901165171 -1.29895 0.507133 1.7842 0.799799 -0.121872 0.00344257 -0.587755
1403715596.031134244 -1.31804 0.36883 1.78208 0.819871 -0.156433 -0.0327273 -0.549789
1403715596.141132397 -1.32287 0.295096 1.79393 0.833674 -0.156863 -0.0769903 -0.523883
1403715596.251267297 -1.31016 0.26688 1.82513 0.843847 -0.146282 -0.0729786 -0.511075
1403715596.341122731 -1.294 0.270998 1.86183 0.854891 -0.114733 -0.0325498 -0.504915
1403715596.461190672 -1.26417 0.30473 1.91312 0.865358 -0.0609941 0.0218385 -0.496949
1403715596.561121169 -1.2295 0.343945 1.95333 0.873712 -0.0228501 0.0599476 -0.482195
1403715596.671205731 -1.17867 0.388267 1.99428 0.881962 0.0111059 0.0878756 -0.462922
1403715596.780964098 -1.11192 0.423985 2.03195 0.890449 0.0273887 0.110172 -0.440696
1403715596.881245664 -1.03522 0.442563 2.06404 0.898457 0.0435752 0.121424 -0.419682
1403715596.991375143 -0.93178 0.441663 2.09543 0.902861 0.0516389 0.13806 -0.403874
1403715597.091119779 -0.818335 0.421339 2.12038 0.907011 0.0553733 0.141919 -0.392585
1403715597.191151739 -0.690443 0.382979 2.14467 0.912718 0.0508439 0.123259 -0.386222
1403715597.311226279 -0.522435 0.315023 2.1706 0.922344 0.0446902 0.0760945 -0.376157
1403715597.411307169 -0.372637 0.242593 2.18976 0.930236 0.0449853 0.0389465 -0.362105
1403715597.521275744 -0.206978 0.155716 2.20957 0.940107 0.0313156 0.00101851 -0.339437
1403715597.631287420 -0.0427922 0.061651 2.2277 0.948775 0.0198244 -0.0163808 -0.314904
1403715597.741247982 0.116217 -0.0355097 2.24259 0.95774 0.0152198 -0.0161276 -0.28678
1403715597.851216563 0.267735 -0.132561 2.25517 0.963892 0.00947238 -0.0114975 -0.265876
1403715597.941036218 0.386912 -0.20996 2.26587 0.969072 0.00769013 -0.021922 -0.245683
1403715598.061267343 0.534169 -0.310518 2.27808 0.971884 -0.00349968 -0.0292666 -0.233606
1403715598.151214391 0.641075 -0.380515 2.28367 0.971912 -0.0145461 -0.0311589 -0.232817
1403715598.271319687 0.767346 -0.471913 2.2753 0.972324 -0.0108747 -0.0547554 -0.226868
1403715598.381069532 0.870317 -0.543009 2.25469 0.969877 -0.0248278 -0.0750277 -0.230419
1403715598.501236642 0.956282 -0.612444 2.22596 0.966391 -0.0187997 -0.113993 -0.229652
1403715598.591295113 1.00196 -0.654538 2.20793 0.963609 -0.0195097 -0.127065 -0.234374
1403715598.711203360 1.03555 -0.698109 2.189 0.964755 -0.0161188 -0.113169 -0.237024
1403715598.811224631 1.04357 -0.724541 2.17309 0.96689 -0.0155147 -0.076687 -0.242904
1403715598.911174576 1.0371 -0.743172 2.15254 0.968658 -0.0166584 -0.046878 -0.243365
1403715599.021302110 1.01721 -0.756558 2.1231 0.969835 -0.0174736 -0.0275439 -0.241569
1403715599.131242729 0.987569 -0.765393 2.08624 0.969513 -0.00889627 -0.025486 -0.243548
1403715599.251349087 0.952059 -0.768559 2.04196 0.969653 -0.00800456 -0.018181 -0.243677
1403715599.341210858 0.921891 -0.77108 2.00412 0.969745 0.00712444 -0.012467 -0.243696
1403715599.461189307 0.877228 -0.774499 1.94889 0.969217 0.0223425 -0.011571 -0.244919
1403715599.491252573 0.865079 -0.776112 1.93451 0.969025 0.0298391 -0.0131812 -0.2448
1403715599.701255193 0.765209 -0.799866 1.8382 0.968055 0.0508725 -0.0335327 -0.243224
1403715599.811312597 0.701714 -0.821174 1.79181 0.967631 0.0403802 -0.0420448 -0.245546
1403715599.921230220 0.63288 -0.844902 1.74744 0.968384 0.0142873 -0.0318243 -0.247012
1403715600.024926086 0.562416 -0.871998 1.70584 0.968775 0.00967545 -0.0205753 -0.246899
1403715600.131231293 0.484193 -0.895456 1.66158 0.969766 -0.0208497 -0.00180336 -0.243139
1403715600.241195594 0.408116 -0.911255 1.61588 0.972208 -0.0550347 0.0103316 -0.227324
1403715600.341307924 0.34108 -0.916484 1.57364 0.976969 -0.0700427 0.0149334 -0.201002
1403715600.451255644 0.276011 -0.909715 1.52942 0.98352 -0.0721327 0.022716 -0.164223
1403715600.541323512 0.229602 -0.893627 1.4951 0.989023 -0.0558147 0.0340636 -0.132506
1403715600.661150167 0.178518 -0.862554 1.45213 0.995153 -0.0264272 0.0442514 -0.0837521
1403715600.761218767 0.147265 -0.825878 1.42623 0.997683 -0.0214293 0.0500289 -0.0408264
1403715600.871230911 0.122422 -0.780893 1.41212 0.998801 -0.0206149 0.0438715 0.00681258
1403715600.971239380 0.109079 -0.73671 1.41378 0.998208 -0.0201545 0.0371445 0.0423629
1403715601.071190624 0.104963 -0.687804 1.42843 0.996692 -0.0211434 0.0308101 0.0721748
1403715601.181324709 0.105989 -0.628862 1.45614 0.995395 -0.0203512 0.0219565 0.0910645
1403715601.291241313 0.112351 -0.562339 1.49956 0.994093 -0.0331444 0.0166201 0.102003
1403715601.401407794 0.121154 -0.488806 1.54725 0.992937 -0.0388886 0.0138082 0.111238
1403715601.511194543 0.132246 -0.40891 1.59131 0.992963 -0.0371066 0.0125129 0.111765
1403715601.611268554 0.144422 -0.331184 1.62744 0.992778 -0.0303403 0.012205 0.115422
1403715601.711274680 0.156243 -0.247663 1.66087 0.992954 -0.0261735 0.0114157 0.115005
1403715601.821355724 0.168987 -0.15171 1.69588 0.993241 -0.0208439 0.00216226 0.114163
1403715601.931336978 0.179744 -0.0511207 1.7294 0.993877 -0.0223368 -0.00843525 0.107883
1403715602.032678670 0.183805 0.0406856 1.75594 0.994817 -0.0163449 -0.0332312 0.0946949
1403715602.131406986 0.182324 0.133956 1.77999 0.995661 -0.0151297 -0.0534943 0.0746249
1403715602.251449997 0.168607 0.244824 1.80497 0.997094 -0.00586299 -0.0596471 0.0470158
1403715602.341268228 0.151221 0.325822 1.82125 0.998376 0.00319881 -0.0508816 0.0254025
1403715602.461306294 0.11771 0.433583 1.84019 0.99969 -0.0018239 -0.0226744 -0.0101216
1403715602.561294057 0.0831907 0.520273 1.85608 0.999298 -0.00352316 -0.00518299 -0.0369306
1403715602.661341281 0.0453044 0.607055 1.8653 0.99789 -0.0134186 -0.000136536 -0.0635195
1403715602.771303393 0.0036773 0.702024 1.86132 0.99519 -0.0206023 0.00286659 -0.0957249
1403715602.881135127 -0.0348717 0.798521 1.84001 0.991317 -0.0235351 0.00873203 -0.129073
1403715603.001180720 -0.0751152 0.904881 1.79865 0.986753 -0.0194346 0.0130559 -0.160531
1403715603.101326851 -0.105881 0.995925 1.75421 0.981993 -0.0194589 0.0114045 -0.187565
1403715603.191295133 -0.130343 1.07879 1.71389 0.977114 -0.0194474 0.012095 -0.21148
1403715603.311413681 -0.157473 1.19031 1.66224 0.970443 -0.016024 0.0210128 -0.239879
1403715603.421287256 -0.177166 1.29284 1.6167 0.965366 -0.0122146 0.0270131 -0.259208
1403715603.491235962 -0.187342 1.35818 1.59118 0.963005 -0.00766777 0.0246769 -0.26824
1403715603.671308744 -0.206097 1.51654 1.53141 0.958404 0.0216785 0.0160472 -0.284137
1403715603.771353413 -0.213844 1.59697 1.50301 0.956726 0.0370744 0.00737554 -0.288526
1403715603.881277821 -0.223043 1.67357 1.48402 0.955074 0.0526621 0.00441213 -0.291617
1403715603.991284762 -0.229212 1.73504 1.48204 0.95446 0.061678 0.0254807 -0.29078
1403715604.171239254 -0.235929 1.80885 1.48366 0.955267 0.035988 0.0423132 -0.290483
1403715604.281222007 -0.235073 1.83964 1.47926 0.955662 0.0176965 0.0371002 -0.291582
1403715604.381251813 -0.228733 1.8597 1.47255 0.956074 0.0117066 0.034572 -0.290844
1403715604.491302298 -0.215229 1.87591 1.4631 0.956187 0.0112434 0.033102 -0.290662
1403715604.591402008 -0.200114 1.88884 1.45276 0.956281 0.00949082 0.0225097 -0.291428
1403715604.691368523 -0.180097 1.90129 1.44196 0.956281 -0.000998631 0.0149179 -0.292067
1403715604.816371545 -0.153352 1.91395 1.42922 0.956546 -0.00286269 0.00947992 -0.291412
1403715604.921344205 -0.126391 1.92567 1.42033 0.956221 -0.00460036 0.00897395 -0.292472
1403715605.031401794 -0.0962753 1.93747 1.41306 0.956481 -0.00382901 0.0145601 -0.291407
1403715605.141357893 -0.0650658 1.94993 1.40934 0.95675 -0.00311286 0.014446 -0.290537
1403715605.251348149 -0.0326644 1.96242 1.40904 0.957595 -0.00234312 0.00802064 -0.287997
1403715605.361433866 0.00138964 1.97379 1.41103 0.958289 0.00426468 0.00394258 -0.285741
1403715605.471296819 0.0357353 1.98453 1.40804 0.958916 0.0100751 0.000995651 -0.283509
1403715605.581421945 0.0695077 1.99203 1.3937 0.959351 0.0165109 0.00337952 -0.281711
1403715605.691398225 0.102838 1.99741 1.37018 0.959883 0.0157429 0.0056398 -0.279902
1403715605.791302150 0.132738 2.00049 1.34867 0.960613 0.0058509 0.00504827 -0.277783
1403715605.911381967 0.16798 2.0013 1.32755 0.960562 -0.000699452 0.00466839 -0.278026
1403715606.021322426 0.200455 2.00203 1.30931 0.960959 -0.00749016 0.00414226 -0.276558
1403715606.131575453 0.232325 2.0035 1.28328 0.961511 -0.00623441 0.000905203 -0.274695
1403715606.241279342 0.264342 2.00641 1.25232 0.962128 -0.00252424 9.88228e-05 -0.272588
1403715606.341212340 0.293565 2.00941 1.22865 0.962369 0.00389492 -0.000352212 -0.271717
1403715606.461322538 0.32937 2.01332 1.21461 0.963352 0.00707375 -0.00101712 -0.268146
1403715606.571433335 0.359443 2.01432 1.21007 0.963828 0.0136196 -0.00665722 -0.266094
1403715606.681397432 0.386418 2.01427 1.20503 0.964559 0.020079 -0.00875298 -0.262955
1403715606.781368122 0.407425 2.01136 1.19728 0.965083 0.0268366 -0.013284 -0.260229
1403715606.871453296 0.422364 2.00775 1.18658 0.965344 0.0256624 -0.0199956 -0.258944
1403715606.991333845 0.437469 2.00259 1.16985 0.966158 0.00878558 -0.0257647 -0.256512
1403715607.091292552 0.446261 1.99671 1.15457 0.966399 0.000640853 -0.0188025 -0.256356
1403715607.201474596 0.452931 1.9932 1.13897 0.966677 -0.00621124 -0.0106544 -0.255701
1403715607.311339646 0.456773 1.99287 1.12576 0.967013 -0.010386 -0.00605773 -0.254445
1403715607.411748674 0.457373 1.99532 1.11596 0.966893 -0.0097799 -0.00673788 -0.254904
1403715607.521419719 0.457407 2.00188 1.10796 0.966681 -0.0104238 -0.00550797 -0.255712
1403715607.621497195 0.456563 2.0112 1.10415 0.966458 -0.0128131 -0.00508522 -0.256454
1403715607.731388020 0.4551 2.02419 1.10107 0.965964 -0.0129704 -0.00398216 -0.25832
1403715607.841401322 0.452371 2.03949 1.09133 0.965708 -0.00808523 -0.00395153 -0.259475
1403715607.961454771 0.451466 2.05625 1.07726 0.966382 -0.0166066 -0.00432883 -0.256538
1403715608.061471423 0.452975 2.05444 1.08036 0.966533 -0.0200008 0.00135981 -0.255757
1403715608.171349570 0.45331 2.05338 1.07839 0.966488 -0.0136577 0.00342382 -0.256324
1403715608.271528975 0.451779 2.05359 1.07761 0.966443 -0.0152638 9.4339e-05 -0.256426
1403715608.381403621 0.453658 2.05317 1.0782 0.966511 -0.0169683 0.00416322 -0.256031
1403715608.491334527 0.452727 2.05401 1.07768 0.966309 -0.0156291 0.00238145 -0.256899
1403715608.611491649 0.45248 2.05317 1.07739 0.966471 -0.0142988 0.00104259 -0.256375
1403715608.711475943 0.453366 2.05357 1.07792 0.966551 -0.0174823 0.00285362 -0.255864
1403715608.821354329 0.452792 2.05354 1.07752 0.966484 -0.0161061 0.00136427 -0.256217
1403715608.921384324 0.452794 2.05316 1.07737 0.966501 -0.0150139 0.00194341 -0.256215
1403715609.031365686 0.452763 2.05366 1.07745 0.966443 -0.0162938 0.00139141 -0.256361
1403715609.131411531 0.452844 2.05338 1.07747 0.966498 -0.0163249 0.00272785 -0.25614
1403715609.241647344 0.452764 2.05348 1.07723 0.966486 -0.0155086 0.00176061 -0.256244
1403715609.351427830 0.452934 2.05361 1.07722 0.966436 -0.0173947 0.00273814 -0.256302
1403715609.451437633 0.452823 2.05347 1.07733 0.96647 -0.0166795 0.00143042 -0.256234
1403715609.561432398 0.452822 2.05332 1.07717 0.966506 -0.0152274 0.00190766 -0.256185
1403715609.671428972 0.452752 2.05333 1.07712 0.96645 -0.0150744 0.00180336 -0.256405
1403715609.781372401 0.452729 2.05342 1.07714 0.966472 -0.0153435 0.00174326 -0.256306
1403715609.891394013 0.453445 2.05348 1.07754 0.966451 -0.0170369 0.00350177 -0.256263
1403715610.001428004 0.45225 2.05331 1.07679 0.966492 -0.0138974 0.000380043 -0.256319
1403715610.101533062 0.453513 2.05355 1.07701 0.966186 -0.0185473 0.00304344 -0.257162
1403715610.211497312 0.452708 2.05337 1.07702 0.966443 -0.0149682 0.00175248 -0.256439
1403715610.311558311 0.452675 2.05361 1.07714 0.966284 -0.0154181 0.00221482 -0.257006
1403715610.421331096 0.452283 2.05292 1.077 0.966332 -0.0119291 0.000900627 -0.257019
1403715610.521346548 0.45252 2.05384 1.0771 0.966343 -0.0163515 0.00245088 -0.256725
1403715610.621436189 0.452088 2.05375 1.07667 0.966364 -0.0146088 0.000864005 -0.256761
1403715610.731406423 0.451714 2.05404 1.07718 0.966282 -0.01531 0.00108874 -0.257029
1403715610.834546476 0.452977 2.05474 1.07743 0.966285 -0.018866 0.00373549 -0.256757
1403715610.941313079 0.452013 2.05418 1.07705 0.966332 -0.0157852 0.00124459 -0.256812
1403715611.041510061 0.452352 2.05417 1.07689 0.966213 -0.0162426 0.00246591 -0.257221
1403715611.151522924 0.452196 2.0537 1.07701 0.966271 -0.0150283 0.00154626 -0.257082
1403715611.261605807 0.452082 2.05412 1.07702 0.966627 -0.0161088 1.06833e-05 -0.25568
1403715611.371407248 0.452284 2.05362 1.07697 0.966301 -0.0159842 0.00123876 -0.256914
1403715611.481378877 0.451658 2.05441 1.07749 0.966322 -0.0174449 -0.000555165 -0.256745
1403715611.581465392 0.452455 2.05385 1.07689 0.966481 -0.0153165 0.00214686 -0.256271
1403715611.691418598 0.452857 2.05377 1.07669 0.966332 -0.017278 0.00219905 -0.256707
1403715611.801425369 0.451997 2.05355 1.07638 0.966523 -0.014116 -2.71858e-05 -0.256192
1403715611.911527044 0.452364 2.05365 1.0767 0.966421 -0.0150278 0.00184873 -0.256516
1403715612.021510126 0.452048 2.05373 1.07665 0.966492 -0.0143708 0.000984677 -0.256291
