1403715524.062143000 0.00166561 0.00304956 0.0021387 1 0.000211214 -0.000348424 0.000507281
1403715524.212143000 -0.00360736 0.00551578 0.00209073 1 0.000341667 0.000611892 0.000300414
1403715524.312143000 3.72529e-09 -2.23517e-08 5.88538e-17 1 -1.326e-09 5.67782e-11 -9.16272e-08
1403715524.412143000 -0 0 -0 1 0 0 0
1403715524.612143000 -0.000172788 0.00843748 0.00780576 0.999999 0.000909979 -0.000382576 0.000511175
1403715524.762143000 -0 0 -0 1 0 0 0
1403715524.912143000 0.00579724 0.011731 0.011745 0.999997 0.00104071 -0.00149552 0.00143337
1403715524.962143000 -0 0 -0 1 0 0 0
1403715525.112143000 -0.0062547 -0.00433437 -0.00403703 0.999999 -0.000420093 0.00126429 -0.000410639
1403715525.162143000 -0 0 -0 1 0 0 0
1403715525.412143000 0.00289841 0.00120985 0.00212606 1 -1.88967e-05 -0.00044388 0.000312171
1403715525.512143000 3.72529e-09 -2.23517e-08 5.88538e-17 1 -1.326e-09 5.67782e-11 -9.16272e-08
1403715525.612143000 -0 0 -0 1 0 0 0
1403715525.862143000 -0 0 -0 1 0 0 0
1403715526.012143000 -0.00105726 0.00713782 0.00652698 1 0.000644373 -0.000170955 0.000653453
1403715526.162143000 0.00252493 0.00315291 0.00498981 1 0.000239751 -0.000769856 0.000461291
1403715526.312143000 0.000542401 -0.00141203 0.000823524 1 -7.7682e-05 -0.000121533 9.92125e-05
1403715526.462143000 4.44376e-05 -0.00326577 -0.00119338 1 -0.000378385 0.00013145 -8.73727e-05
1403715526.562143000 0.00316087 -0.00089851 0.00159719 1 -0.000127077 -0.00048053 0.000495351
1403715526.712143000 0.00273423 0.00356665 0.004382 0.999999 0.000225819 -0.000512997 0.000853104
1403715526.862143000 -0.00239927 0.00588442 0.00362135 1 0.00077956 0.000363227 0.000165593
1403715527.012143000 -0.00410794 0.000482218 0.000182349 1 1.21397e-05 0.000601128 0.000253018
1403715527.162143000 0.00532672 0.00404537 0.00665728 0.999999 0.000338911 -0.00109335 0.000694336
1403715527.312143000 -0.00709014 0.00241494 0.00112024 0.999999 0.000334353 0.00105936 7.70921e-05
1403715527.462143000 -0.00020222 0.00972408 0.0060281 0.999999 0.000873307 -0.000106462 0.00101335
1403715527.612143000 0.000196382 -0.00199797 0.00161539 1 -0.00036951 -5.05773e-06 0.000349399
1403715527.912143000 -0.00361189 0.00126591 0.00100582 0.999999 0.000109426 0.00114245 0.0002014
1403715528.062143000 0.00223033 -0.000561897 -0.000169979 1 -4.43005e-05 9.03008e-06 0.00012739
1403715528.212143000 -0.0130744 0.00121716 -0.00269268 0.999995 0.0004723 0.0031663 -0.000453223
1403715528.362143000 -0.00228921 -0.00407873 -0.00113492 0.999994 -0.000547434 0.00347642 5.44206e-05
1403715528.462143000 3.55296 -1.81204 -6.87377 0.566108 -0.202749 0.79106 0.112427
1403715528.662143000 3.55323 -1.80336 -6.85961 0.565021 -0.196691 0.792954 0.115274
1403715528.812143000 3.55967 -1.79122 -6.82773 0.569474 -0.193054 0.790566 0.115912
1403715528.962143000 3.56189 -1.77111 -6.79599 0.573429 -0.192157 0.788167 0.114228
1403715529.062143000 3.56225 -1.75701 -6.77153 0.570519 -0.195387 0.78936 0.115077
1403715529.262143000 3.55615 -1.72224 -6.70115 0.561699 -0.216051 0.787656 0.131966
1403715529.412143000 3.54845 -1.69454 -6.64467 0.551694 -0.24294 0.784707 0.144387
1403715529.512143000 3.54877 -1.67374 -6.62016 0.550539 -0.257312 0.779312 0.152875
1403715529.662143000 3.55094 -1.63801 -6.59547 0.550908 -0.270924 0.772618 0.161747
1403715529.762143000 3.55642 -1.60932 -6.58409 0.551795 -0.279098 0.768604 0.163935
1403715529.912143000 3.5608 -1.56314 -6.55702 0.5529 -0.282988 0.764922 0.17063
1403715530.062143000 3.56644 -1.51287 -6.51914 0.562298 -0.285205 0.756609 0.173268
1403715530.162143000 3.56857 -1.47768 -6.489 0.569315 -0.288765 0.751002 0.168795
1403715530.262143000 3.57067 -1.43876 -6.45053 0.566319 -0.293745 0.753004 0.161187
1403715530.412143000 3.55377 -1.37465 -6.36718 0.560344 -0.292201 0.757922 0.161823
1403715530.762143000 3.48243 -1.19917 -6.16947 0.550574 -0.303631 0.754548 0.187973
1403715530.862143000 3.45937 -1.14584 -6.12761 0.546369 -0.314101 0.750541 0.198771
1403715531.012143000 3.42145 -1.06677 -6.07073 0.536536 -0.330863 0.747865 0.208221
1403715531.112143000 3.39655 -1.01364 -6.03929 0.518222 -0.341513 0.756046 0.207869
1403715531.212143000 3.37478 -0.956571 -6.01051 0.500534 -0.344997 0.764922 0.212925
1403715531.312143000 3.36978 -0.884484 -5.98172 0.501521 -0.336914 0.762554 0.231253
1403715531.412143000 3.3656 -0.818742 -5.95017 0.511658 -0.330881 0.754288 0.244488
1403715531.562143000 3.37186 -0.735235 -5.92513 0.522419 -0.330014 0.745365 0.250202
1403715531.912143000 3.42414 -0.554928 -5.92753 0.544132 -0.336061 0.730505 0.239472
1403715532.012143000 3.44739 -0.504696 -5.9208 0.55146 -0.335681 0.725957 0.237057
1403715532.162143000 3.46693 -0.447909 -5.92399 0.55766 -0.33666 0.722149 0.232757
1403715532.312143000 3.47592 -0.399441 -5.92706 0.556472 -0.337615 0.72086 0.238152
1403715532.462143000 3.47915 -0.35324 -5.92397 0.545229 -0.336932 0.725937 0.249433
1403715532.562143000 3.47753 -0.332507 -5.92768 0.538961 -0.333336 0.728869 0.259148
1403715532.712143000 3.47682 -0.320152 -5.93238 0.534116 -0.321464 0.729627 0.281115
1403715532.862143000 3.49211 -0.32595 -5.94302 0.533615 -0.313232 0.729406 0.291732
1403715532.962143000 3.50714 -0.345414 -5.95644 0.533697 -0.303623 0.734251 0.289582
1403715533.062143000 3.53314 -0.370122 -5.98175 0.534812 -0.288244 0.74272 0.28153
1403715533.162143000 3.56272 -0.413063 -6.01526 0.542838 -0.269389 0.749207 0.267293
1403715533.312143000 3.61653 -0.499277 -6.04777 0.56939 -0.242714 0.74828 0.23867
1403715533.412143000 3.65398 -0.579128 -6.0521 0.574558 -0.232109 0.753182 0.220737
1403715533.512143000 3.6929 -0.659605 -6.04175 0.569737 -0.222367 0.762621 0.21062
1403715533.612143000 3.72442 -0.756874 -6.01769 0.560584 -0.208639 0.772668 0.212602
1403715533.762143000 3.7793 -0.925376 -5.95124 0.547303 -0.192848 0.784625 0.21825
1403715533.912143000 3.84719 -1.12074 -5.87816 0.547209 -0.198037 0.787572 0.202664
1403715534.012143000 3.89725 -1.25995 -5.84133 0.550942 -0.20531 0.786279 0.189937
1403715534.112143000 3.96014 -1.42605 -5.80722 0.555349 -0.214783 0.783819 0.176305
1403715534.212143000 4.01959 -1.57445 -5.79516 0.558822 -0.224969 0.781196 0.163833
1403715534.312143000 4.07788 -1.72281 -5.7958 0.561093 -0.233105 0.778944 0.155191
1403715534.412143000 4.13774 -1.86892 -5.80742 0.562349 -0.235346 0.778484 0.149464
1403715534.562143000 4.23267 -2.07785 -5.84316 0.564477 -0.22639 0.781633 0.13843
1403715534.712143000 4.32198 -2.27559 -5.87466 0.565909 -0.203527 0.789525 0.122367
1403715534.812143000 4.4002 -2.40622 -5.90066 0.561926 -0.184917 0.799327 0.105454
1403715534.912143000 4.46562 -2.53212 -5.92914 0.557234 -0.162616 0.80982 0.0850796
1403715535.062143000 4.57064 -2.70707 -5.96852 0.553585 -0.132105 0.820254 0.0572346
1403715535.162143000 4.63959 -2.8198 -5.99608 0.546761 -0.116297 0.827967 0.0447113
1403715535.312143000 4.76423 -2.96007 -6.035 0.534706 -0.0991866 0.838485 0.0345546
1403715535.462143000 4.91951 -3.07604 -6.06508 0.53466 -0.0772078 0.840275 0.0460127
1403715535.612143000 5.08384 -3.20324 -6.08725 0.556388 -0.0670148 0.826182 0.0579976
1403715535.712143000 5.20059 -3.28826 -6.1036 0.566876 -0.0736458 0.818365 0.0592149
1403715535.862143000 5.38866 -3.38856 -6.14684 0.572926 -0.10213 0.811191 0.0574001
1403715535.962143000 5.50602 -3.46998 -6.16826 0.568072 -0.127076 0.810972 0.0589114
1403715536.112143000 5.69425 -3.559 -6.19984 0.552995 -0.153568 0.816211 0.066424
1403715536.212143000 5.81874 -3.62444 -6.21547 0.545394 -0.168921 0.818123 0.068452
1403715536.362143000 6.01596 -3.70355 -6.23138 0.54423 -0.190442 0.81436 0.0660561
1403715536.462143000 6.17259 -3.72666 -6.23699 0.552296 -0.205046 0.805903 0.058695
1403715536.612143000 6.37838 -3.75677 -6.23865 0.566996 -0.218377 0.792529 0.0521989
1403715536.712143000 6.51203 -3.757 -6.2372 0.579901 -0.221172 0.782306 0.0528685
1403715536.862143000 6.70903 -3.73331 -6.23762 0.606461 -0.224341 0.760343 0.0612669
1403715536.962143000 6.81381 -3.70208 -6.23074 0.623472 -0.231509 0.744621 0.0568001
1403715537.062143000 6.90822 -3.66853 -6.22651 0.641595 -0.236006 0.727965 0.0521873
1403715537.212143000 6.98985 -3.58301 -6.2036 0.674402 -0.234163 0.698137 0.0543647
1403715537.312143000 7.02132 -3.51402 -6.18885 0.686709 -0.222462 0.688418 0.0708644
1403715537.462143000 6.97656 -3.40378 -6.15717 0.659795 -0.197244 0.7169 0.108717
1403715537.612143000 6.8922 -3.30793 -6.13258 0.606854 -0.181977 0.763303 0.126415
1403715537.712143000 6.81685 -3.24673 -6.10967 0.592038 -0.174187 0.77578 0.13159
1403715537.862143000 6.70644 -3.16372 -6.07385 0.607876 -0.164705 0.764624 0.13678
1403715537.962143000 6.62314 -3.12179 -6.05597 0.61058 -0.163079 0.762934 0.136121
1403715538.112143000 6.4818 -3.0719 -6.03079 0.59658 -0.157711 0.774736 0.137853
1403715538.212143000 6.38511 -3.0502 -6.01918 0.588175 -0.148349 0.783431 0.135197
1403715538.312143000 6.2899 -3.03651 -6.01847 0.587229 -0.136127 0.78768 0.127247
1403715538.462143000 6.15752 -3.03356 -6.03681 0.606291 -0.116562 0.779717 0.10424
1403715538.562143000 6.05442 -3.04045 -6.04815 0.623526 -0.103806 0.770583 0.0814942
1403715538.712143000 5.89032 -3.05998 -6.06476 0.630825 -0.0759635 0.770476 0.0515307
1403715538.862143000 5.71865 -3.08522 -6.08656 0.613288 -0.0385624 0.788728 0.0172953
1403715538.962143000 5.60418 -3.09766 -6.09776 0.602784 -0.0075576 0.797823 -0.00857116
1403715539.112143000 5.40914 -3.12913 -6.14611 0.595366 0.046156 0.800648 -0.0487038
1403715539.212143000 5.29024 -3.14635 -6.18741 0.59101 0.0850579 0.798742 -0.0740515
1403715539.362143000 5.0893 -3.1746 -6.2787 0.574985 0.137599 0.799049 -0.109446
1403715539.462143000 4.95788 -3.19173 -6.34369 0.566866 0.165115 0.796609 -0.129667
1403715539.612143000 4.7955 -3.21136 -6.409 0.558858 0.202046 0.792382 -0.137792
1403715539.762143000 4.62436 -3.23317 -6.43473 0.563295 0.221964 0.783652 -0.138996
1403715539.862143000 4.52464 -3.24711 -6.4272 0.562765 0.223355 0.782974 -0.142691
1403715540.012143000 4.37638 -3.27046 -6.39851 0.546245 0.224544 0.795982 -0.132699
1403715540.112143000 4.27251 -3.29799 -6.37181 0.532412 0.228571 0.806622 -0.116846
1403715540.262143000 4.1425 -3.35699 -6.30982 0.525346 0.232529 0.812075 -0.102348
1403715540.412143000 4.02413 -3.44977 -6.25854 0.527362 0.217211 0.813309 -0.115051
1403715540.512143000 3.99652 -3.52128 -6.21603 0.517905 0.207368 0.82021 -0.126599
1403715540.662143000 3.91852 -3.64341 -6.177 0.501552 0.20673 0.82986 -0.130538
1403715540.762143000 3.88534 -3.73193 -6.15174 0.499165 0.219259 0.829713 -0.119733
1403715540.912143000 3.88608 -3.87894 -6.09914 0.511453 0.228022 0.820036 -0.118168
1403715541.062143000 3.88766 -4.05066 -6.06717 0.524552 0.22333 0.811526 -0.128045
1403715541.162143000 3.92976 -4.16588 -6.05017 0.526621 0.222114 0.810128 -0.130491
1403715541.312143000 3.96147 -4.35757 -6.02125 0.547648 0.232987 0.79495 -0.117699
1403715541.412143000 3.99607 -4.49032 -6.0086 0.553121 0.229216 0.79051 -0.128885
1403715541.512143000 4.01793 -4.63048 -6.00201 0.541708 0.225181 0.797994 -0.138029
1403715541.662143000 4.05754 -4.84545 -5.99279 0.521971 0.220822 0.810803 -0.146228
1403715541.762143000 4.09772 -4.99622 -5.98121 0.517848 0.20791 0.813638 -0.163098
1403715541.862143000 4.14383 -5.13345 -5.9719 0.521505 0.189661 0.81069 -0.186665
1403715541.962143000 4.20227 -5.2702 -5.96131 0.525533 0.171481 0.807979 -0.20391
1403715542.112143000 4.3071 -5.45119 -5.95146 0.537318 0.142248 0.80383 -0.211926
1403715542.212143000 4.39022 -5.54621 -5.93806 0.555838 0.122814 0.796014 -0.205725
1403715542.312143000 4.47393 -5.62598 -5.9365 0.576203 0.108488 0.788399 -0.186141
1403715542.462143000 4.60342 -5.70142 -5.90707 0.609149 0.0914508 0.775501 -0.138463
1403715542.562143000 4.69496 -5.74501 -5.8904 0.623866 0.0821424 0.769444 -0.109544
1403715542.712143000 4.79214 -5.78497 -5.87293 0.617837 0.0696761 0.778622 -0.0846755
1403715542.812143000 4.84478 -5.80528 -5.86692 0.610686 0.062122 0.785617 -0.0775206
1403715542.962143000 4.91349 -5.84003 -5.87311 0.601865 0.0606049 0.793835 -0.0625425
1403715543.112143000 4.96615 -5.85905 -5.88985 0.603059 0.0668153 0.793388 -0.0488984
1403715543.262143000 5.00728 -5.87995 -5.91484 0.609617 0.0718019 0.788108 -0.0457949
1403715543.362143000 5.02578 -5.896 -5.93234 0.611686 0.074706 0.78623 -0.0458503
1403715543.512143000 5.04036 -5.92764 -5.96142 0.612255 0.071494 0.785482 -0.0552356
1403715543.612143000 5.03793 -5.94587 -5.97749 0.6184 0.068912 0.780334 -0.0625415
1403715543.762143000 5.01726 -5.97053 -6.0051 0.629599 0.061839 0.769658 -0.0860659
1403715543.862143000 4.9896 -5.98163 -6.02814 0.63021 0.0623725 0.765843 -0.111484
1403715544.012143000 4.94185 -5.9845 -6.06568 0.617975 0.0799843 0.767662 -0.149681
1403715544.112143000 4.89296 -5.96779 -6.09482 0.605728 0.108509 0.770073 -0.168245
1403715544.262143000 4.7301 -5.89985 -6.2381 0.581771 0.175798 0.771995 -0.186173
1403715544.362143000 4.66705 -5.85726 -6.29984 0.568454 0.225907 0.765122 -0.201034
1403715544.462143000 4.60251 -5.80816 -6.37225 0.55716 0.273305 0.753677 -0.216443
1403715544.612143000 4.50241 -5.72494 -6.47682 0.543086 0.325156 0.735329 -0.24212
1403715544.712143000 4.193 -4.52595 -6.61558 0.50546 0.429578 0.677634 -0.317467
1403715544.862143000 4.11275 -4.39913 -6.6348 0.507856 0.433725 0.664724 -0.334824
1403715544.962143000 4.05736 -4.30423 -6.61927 0.504227 0.43565 0.665709 -0.335852
1403715545.062143000 4.03042 -4.22154 -6.59557 0.493806 0.441085 0.670074 -0.335559
1403715545.162143000 3.97739 -4.12072 -6.57947 0.484381 0.448788 0.670355 -0.338511
1403715545.312143000 3.89879 -3.96735 -6.57534 0.470378 0.467723 0.663491 -0.346062
1403715545.412143000 3.84888 -3.86374 -6.58247 0.468599 0.483374 0.653535 -0.345914
1403715545.562143000 3.77357 -3.70705 -6.57923 0.475134 0.507731 0.63656 -0.333539
1403715545.662143000 3.71869 -3.60652 -6.57261 0.479624 0.518035 0.628284 -0.326895
1403715545.762143000 3.65403 -3.50855 -6.56151 0.480992 0.519154 0.628122 -0.323403
1403715545.912143000 3.54534 -3.36654 -6.55469 0.479858 0.502903 0.641411 -0.324681
1403715546.012143000 3.46677 -3.27356 -6.54952 0.480643 0.479856 0.658169 -0.324862
1403715546.112143000 3.38728 -3.18077 -6.54288 0.486298 0.45138 0.677246 -0.317975
1403715546.262143000 3.27016 -3.04864 -6.53103 0.504058 0.403036 0.706941 -0.289347
1403715546.362143000 3.19279 -2.95439 -6.51877 0.517067 0.368599 0.725854 -0.264409
1403715546.512143000 3.07241 -2.80387 -6.50036 0.532857 0.314461 0.753366 -0.222749
1403715546.662143000 2.95496 -2.66335 -6.47943 0.54182 0.254262 0.780018 -0.182631
1403715546.762143000 2.87755 -2.57217 -6.46965 0.535769 0.213128 0.802382 -0.153984
1403715546.862143000 2.80531 -2.48391 -6.46037 0.527103 0.176381 0.822525 -0.120439
1403715547.012143000 2.70363 -2.35647 -6.44747 0.52562 0.112663 0.838878 -0.0855209
1403715547.162143000 2.63109 -2.24482 -6.43177 0.527346 0.0473319 0.846527 -0.0552938
1403715547.262143000 2.59692 -2.1703 -6.41616 0.529206 0.00483083 0.847758 -0.0349749
1403715547.462143000 2.56416 -2.0169 -6.39559 0.522066 -0.0647993 0.850423 0.00532427
1403715547.562143000 2.56562 -1.93362 -6.3883 0.514571 -0.0961548 0.851632 0.0263246
1403715547.712143000 2.60335 -1.79386 -6.37961 0.506389 -0.148776 0.847558 0.055501
1403715547.812143000 2.63832 -1.69305 -6.37362 0.502251 -0.182586 0.841885 0.0750733
1403715547.962143000 2.72887 -1.52545 -6.36285 0.504662 -0.225541 0.82635 0.107674
1403715548.062143000 2.80188 -1.39926 -6.35741 0.51737 -0.241202 0.81089 0.128872
1403715548.212143000 2.91622 -1.20633 -6.34943 0.540789 -0.25603 0.788181 0.144104
1403715548.362143000 3.03706 -1.00593 -6.34982 0.553194 -0.261184 0.777315 0.146771
1403715548.512143000 3.1513 -0.799572 -6.3752 0.554581 -0.259261 0.777294 0.145045
1403715548.612143000 3.22394 -0.658847 -6.39563 0.552509 -0.252073 0.780498 0.148375
1403715548.712143000 3.29694 -0.511329 -6.41504 0.551838 -0.244596 0.783118 0.149581
1403715548.862143000 3.40136 -0.297624 -6.44152 0.5524 -0.236422 0.785315 0.149129
1403715549.012143000 3.50377 -0.0835005 -6.46721 0.553907 -0.233929 0.784468 0.151902
1403715549.112143000 3.56824 0.0586441 -6.48298 0.55773 -0.239198 0.778573 0.159833
1403715549.212143000 3.61927 0.199191 -6.50136 0.56927 -0.244461 0.766648 0.168585
1403715549.362143000 3.70185 0.402334 -6.51576 0.580239 -0.247295 0.75357 0.185201
1403715549.462143000 3.74483 0.530181 -6.5376 0.575086 -0.243481 0.754644 0.201261
1403715549.612143000 3.80498 0.701689 -6.55525 0.554342 -0.239444 0.767197 0.216285
1403715549.712143000 3.84676 0.802687 -6.56736 0.542592 -0.228928 0.77757 0.220388
1403715549.862143000 3.91757 0.930715 -6.58837 0.545935 -0.199406 0.784434 0.216463
1403715549.962143000 3.97524 0.999197 -6.59447 0.547154 -0.168836 0.791693 0.21293
1403715550.062143000 4.03415 1.04935 -6.60132 0.545813 -0.134418 0.801785 0.202881
1403715550.162143000 4.10577 1.07959 -6.6044 0.547507 -0.107129 0.81123 0.175117
1403715550.312143000 4.22259 1.08949 -6.58675 0.551458 -0.0712412 0.821356 0.12725
1403715550.412143000 4.3083 1.07579 -6.55641 0.557287 -0.0472599 0.82343 0.0957178
1403715550.512143000 4.39043 1.04387 -6.52027 0.564034 -0.0227031 0.823034 0.0629718
1403715550.612143000 4.48011 1.01075 -6.4908 0.566905 0.00742491 0.822941 0.0364893
1403715550.712143000 4.57011 0.971571 -6.47271 0.56855 0.0439334 0.821274 0.0181345
1403715550.862143000 4.7122 0.899967 -6.46644 0.567719 0.104772 0.816526 0.00140122
1403715550.962143000 4.80055 0.839058 -6.47624 0.566653 0.143942 0.811211 -0.0110398
1403715551.112143000 4.93786 0.717146 -6.48032 0.564159 0.188825 0.802339 -0.0481795
1403715551.212143000 5.01847 0.616876 -6.47138 0.562441 0.218142 0.794224 -0.0726836
1403715551.312143000 5.08977 0.500395 -6.4486 0.561601 0.253654 0.782313 -0.0908349
1403715551.512143000 5.21624 0.232204 -6.4018 0.556329 0.321341 0.75538 -0.128994
1403715551.612143000 5.26497 0.0817169 -6.38192 0.552952 0.346104 0.740663 -0.160853
1403715551.712143000 5.29806 -0.0749562 -6.35563 0.551864 0.365804 0.721919 -0.201162
1403715551.862143000 5.32822 -0.321681 -6.32108 0.552752 0.398477 0.688074 -0.249472
1403715552.012143000 5.32565 -0.559353 -6.29197 0.550839 0.428349 0.652057 -0.296504
1403715552.162143000 5.29496 -0.77787 -6.26781 0.523685 0.457317 0.633645 -0.339279
1403715552.262143000 5.26296 -0.908278 -6.25214 0.510502 0.474487 0.615128 -0.368602
1403715552.362143000 5.22385 -1.02524 -6.23793 0.499131 0.492359 0.591974 -0.397514
1403715552.512143000 5.15544 -1.15871 -6.2164 0.474118 0.527063 0.555844 -0.434113
1403715552.612143000 5.10676 -1.23225 -6.20493 0.460877 0.553605 0.52444 -0.453955
1403715552.762143000 5.02538 -1.29126 -6.19523 0.436884 0.59958 0.472679 -0.475617
1403715552.862143000 4.96682 -1.31469 -6.19219 0.414555 0.631436 0.43795 -0.487476
1403715553.012143000 4.86666 -1.31205 -6.1947 0.38393 0.682088 0.381767 -0.491535
1403715553.162143000 4.7517 -1.26995 -6.20602 0.351084 0.720138 0.325871 -0.501947
1403715553.262143000 4.66122 -1.21772 -6.21362 0.329557 0.733951 0.289329 -0.518649
1403715553.412143000 4.51415 -1.10943 -6.22975 0.291571 0.73825 0.236752 -0.560288
1403715553.512143000 4.40171 -1.01761 -6.23625 0.256217 0.733216 0.207775 -0.594623
1403715553.612143000 4.30841 -0.901948 -6.25447 0.221163 0.731844 0.183459 -0.617927
1403715553.712143000 4.234 -0.764525 -6.27012 0.190471 0.736589 0.16904 -0.626565
1403715553.812143000 4.17305 -0.619403 -6.29624 0.159803 0.755971 0.168483 -0.612033
1403715553.962143000 4.10336 -0.393981 -6.33142 0.125118 0.78382 0.176912 -0.581958
1403715554.062143000 4.06832 -0.242902 -6.35091 0.115654 0.804697 0.180341 -0.553683
1403715554.212143000 4.01449 -0.0244016 -6.37587 0.106618 0.832495 0.187112 -0.510464
1403715554.312143000 3.96412 0.109513 -6.39014 0.0981221 0.841022 0.196011 -0.494604
1403715554.462143000 3.86045 0.287397 -6.42551 0.056772 0.819527 0.244 -0.51538
1403715554.562143000 3.78239 0.383151 -6.46145 0.013982 0.778641 0.295266 -0.55348
1403715554.662143000 3.70318 0.450324 -6.50771 -0.023641 0.737387 0.335609 -0.58572
1403715554.812143000 3.64252 0.470486 -6.58501 -0.0537629 0.697118 0.363922 -0.615383
1403715554.962143000 3.67957 0.376036 -6.62481 -0.0373058 0.683312 0.352107 -0.638524
1403715555.112143000 3.82822 0.170027 -6.6021 0.0461978 0.727641 0.284903 -0.622282
1403715555.212143000 3.96284 0.00244997 -6.56749 0.116176 0.768958 0.22964 -0.585211
1403715555.312143000 4.10174 -0.16815 -6.54044 0.190077 0.80362 0.172153 -0.537056
1403715555.462143000 4.26456 -0.422913 -6.52286 0.224074 0.811642 0.142444 -0.520326
1403715555.562143000 4.36355 -0.548571 -6.50161 0.211966 0.80308 0.15095 -0.536048
1403715555.662143000 4.44506 -0.650267 -6.46937 0.196683 0.796536 0.165214 -0.547312
1403715555.812143000 4.5596 -0.769262 -6.39776 0.197115 0.80135 0.174135 -0.537272
1403715555.912143000 4.61989 -0.83203 -6.3348 0.208041 0.806342 0.171838 -0.526311
1403715556.062143000 4.69165 -0.892981 -6.24826 0.227051 0.815148 0.163779 -0.507107
1403715556.212143000 4.72259 -0.92387 -6.16968 0.239134 0.81239 0.157221 -0.508055
1403715556.362143000 4.71512 -0.912628 -6.09902 0.236287 0.802249 0.164147 -0.523088
1403715556.462143000 4.69324 -0.882959 -6.05997 0.227066 0.797932 0.176313 -0.529773
1403715556.612143000 4.64489 -0.813124 -6.03178 0.189709 0.792977 0.212138 -0.538698
1403715556.712143000 4.60656 -0.76049 -6.03196 0.173888 0.7955 0.228335 -0.533673
1403715556.862143000 4.53734 -0.683658 -6.05016 0.155229 0.792112 0.247791 -0.535782
1403715556.962143000 4.48731 -0.637472 -6.0646 0.145673 0.787487 0.257412 -0.540725
1403715557.062143000 4.43079 -0.600714 -6.07695 0.145476 0.794878 0.258492 -0.529327
1403715557.212143000 4.3464 -0.556679 -6.09668 0.151009 0.813294 0.253428 -0.501522
1403715557.312143000 4.28398 -0.537623 -6.10589 0.151259 0.821557 0.250669 -0.489213
1403715557.462143000 4.15566 -0.52589 -6.12019 0.151155 0.821775 0.247264 -0.490611
1403715557.562143000 4.05353 -0.527792 -6.13002 0.149207 0.809723 0.246906 -0.511002
1403715557.662143000 3.94346 -0.53647 -6.14241 0.144009 0.797766 0.248637 -0.530104
1403715557.762143000 3.83403 -0.551861 -6.16168 0.139742 0.789091 0.248172 -0.544259
1403715557.912143000 3.66708 -0.585441 -6.16899 0.142077 0.791105 0.237667 -0.545419
1403715558.012143000 3.55721 -0.613177 -6.15887 0.142874 0.792945 0.230188 -0.545747
1403715558.162143000 3.39727 -0.656221 -6.12205 0.139588 0.796249 0.224541 -0.544136
1403715558.312143000 3.2304 -0.710437 -6.07914 0.123934 0.794837 0.231066 -0.547251
1403715558.462143000 3.06998 -0.778209 -6.04105 0.121934 0.780529 0.2309 -0.567971
1403715558.562143000 2.96647 -0.830254 -6.02224 0.135336 0.767449 0.221489 -0.586216
1403715558.662143000 2.87053 -0.880676 -6.01678 0.145343 0.759276 0.2139 -0.597179
1403715558.762143000 2.78676 -0.923464 -6.02545 0.150661 0.756031 0.214379 -0.5998
1403715558.862143000 2.7114 -0.967711 -6.03688 0.152789 0.75196 0.225914 -0.600146
1403715559.012143000 2.61547 -1.02595 -6.04849 0.15528 0.74134 0.255756 -0.600743
1403715559.162143000 2.55831 -1.0805 -6.05158 0.172652 0.729984 0.284927 -0.596767
1403715559.262143000 2.53758 -1.11429 -6.05035 0.186129 0.720063 0.306237 -0.594209
1403715559.412143000 2.53195 -1.15453 -6.04333 0.202922 0.707496 0.342333 -0.584021
1403715559.512143000 2.54376 -1.18377 -6.0487 0.209627 0.710105 0.364524 -0.564738
1403715559.612143000 2.56232 -1.20895 -6.05909 0.22456 0.718311 0.374131 -0.541874
1403715559.762143000 2.59957 -1.25779 -6.10203 0.233632 0.715893 0.392284 -0.52823
1403715559.912143000 2.64738 -1.31426 -6.15127 0.241212 0.704132 0.417307 -0.521412
1403715560.012143000 2.68705 -1.35785 -6.18411 0.245205 0.692593 0.438927 -0.517236
1403715560.112143000 2.73424 -1.41191 -6.2151 0.253048 0.681418 0.459081 -0.510766
1403715560.262143000 2.82376 -1.49814 -6.23394 0.282498 0.670767 0.478588 -0.491142
1403715560.412143000 2.92406 -1.60132 -6.23253 0.311303 0.659109 0.496948 -0.470859
1403715560.562143000 3.02735 -1.70945 -6.22815 0.33249 0.642387 0.518976 -0.45547
1403715560.662143000 3.09746 -1.78629 -6.22498 0.345311 0.628345 0.535427 -0.446386
1403715560.812143000 3.20357 -1.92051 -6.22096 0.362808 0.602934 0.562856 -0.43363
1403715560.912143000 3.27759 -2.004 -6.21855 0.37001 0.582259 0.584643 -0.426918
1403715561.062143000 3.39738 -2.13159 -6.21136 0.388081 0.551615 0.614199 -0.409724
1403715561.162143000 3.48374 -2.21893 -6.20812 0.404897 0.534205 0.630176 -0.391869
1403715561.262143000 3.57712 -2.30841 -6.20381 0.423017 0.522394 0.639942 -0.372338
1403715561.412143000 3.71216 -2.44562 -6.19891 0.451409 0.514874 0.644607 -0.340024
1403715561.562143000 3.8368 -2.58804 -6.1957 0.464207 0.489487 0.658843 -0.332927
1403715561.662143000 3.91479 -2.68465 -6.19275 0.467421 0.466596 0.671279 -0.336437
1403715561.862143000 4.0665 -2.86898 -6.17738 0.490991 0.419625 0.68628 -0.33446
1403715562.012143000 4.18508 -2.9885 -6.16237 0.517703 0.382264 0.692374 -0.326306
1403715562.112143000 4.26113 -3.05487 -6.15043 0.535276 0.360411 0.691891 -0.323836
1403715562.212143000 4.33296 -3.1075 -6.13869 0.545659 0.343001 0.691616 -0.325996
1403715562.362143000 4.43119 -3.15881 -6.12707 0.533714 0.328432 0.705663 -0.330638
1403715562.512143000 4.53129 -3.17015 -6.12011 0.504196 0.322225 0.730625 -0.328854
1403715562.612143000 4.60814 -3.15959 -6.11382 0.498913 0.308135 0.740201 -0.329001
1403715562.712143000 4.69608 -3.13371 -6.10589 0.504187 0.311649 0.746031 -0.303494
1403715562.862143000 4.83673 -3.07627 -6.09759 0.51732 0.32244 0.748458 -0.261197
1403715563.062143000 5.03192 -2.99071 -6.08462 0.535694 0.306461 0.755117 -0.221158
1403715563.212143000 5.1725 -2.92395 -6.0772 0.557434 0.264005 0.759039 -0.208394
1403715563.312143000 5.27562 -2.88243 -6.06729 0.575462 0.228285 0.761355 -0.192533
1403715563.462143000 5.40044 -2.79896 -6.06121 0.593402 0.167141 0.771114 -0.159126
1403715563.612143000 5.51732 -2.70375 -6.07357 0.603782 0.104331 0.779718 -0.12885
1403715563.712143000 5.57838 -2.63314 -6.09532 0.610779 0.0656889 0.781165 -0.111419
1403715563.862143000 5.64747 -2.51297 -6.1464 0.624178 0.0186352 0.777824 -0.0710194
1403715564.012143000 5.69562 -2.37525 -6.21624 0.626315 -0.0176968 0.77931 -0.00965332
1403715564.112143000 5.70992 -2.28122 -6.26734 0.621337 -0.0419789 0.781631 0.0350714
1403715564.262143000 5.70343 -2.14445 -6.35019 0.613339 -0.0870249 0.779761 0.090642
1403715564.362143000 5.68831 -2.06858 -6.38815 0.606511 -0.128144 0.775687 0.118456
1403715564.512143000 5.65038 -1.96324 -6.42947 0.576279 -0.199996 0.777287 0.154042
1403715564.662143000 5.61095 -1.8803 -6.42991 0.552826 -0.27075 0.765787 0.186141
1403715564.762143000 5.57722 -1.82983 -6.41255 0.542777 -0.315891 0.7505 0.205804
1403715564.912143000 5.52697 -1.7485 -6.35718 0.53252 -0.375651 0.720433 0.237246
1403715565.062143000 5.46729 -1.67011 -6.27444 0.52453 -0.426707 0.685187 0.270754
1403715565.212143000 5.39968 -1.59109 -6.17637 0.499357 -0.470583 0.65648 0.313414
1403715565.312143000 5.34521 -1.54108 -6.12766 0.484126 -0.493352 0.636008 0.343104
1403715565.462143000 5.27009 -1.46389 -6.06896 0.468477 -0.520846 0.599302 0.38741
1403715565.562143000 5.21381 -1.42515 -6.04807 0.456191 -0.541621 0.572773 0.412877
1403715565.712143000 5.12727 -1.38746 -6.01291 -0.427129 0.579306 -0.530411 -0.447918
1403715565.812143000 5.07366 -1.38859 -5.96769 -0.400549 0.611037 -0.49907 -0.465965
1403715565.962143000 4.99138 -1.39885 -5.9181 -0.352636 0.658605 -0.443033 -0.49559
1403715566.062143000 4.93797 -1.41558 -5.88961 -0.320472 0.685639 -0.400572 -0.516468
1403715566.212143000 4.86992 -1.45461 -5.84199 -0.273909 0.721325 -0.334297 -0.541211
1403715566.312143000 4.83116 -1.48945 -5.81169 -0.241195 0.740077 -0.290032 -0.55677
1403715566.462143000 4.77533 -1.57135 -5.78082 -0.195425 0.762605 -0.224189 -0.574441
1403715566.612143000 4.73919 -1.64788 -5.7717 -0.152172 0.774772 -0.162394 -0.591778
1403715566.762143000 4.71824 -1.73758 -5.78478 -0.109311 0.784431 -0.0976924 -0.60264
1403715566.912143000 4.72323 -1.86154 -5.80276 -0.0545389 0.789929 -0.0297911 -0.610042
1403715567.012143000 4.73489 -1.93814 -5.80964 -0.0140223 0.791191 0.0196601 -0.611092
1403715567.162143000 4.76835 -2.05212 -5.81803 0.0579662 0.790239 0.0953753 -0.602549
1403715567.312143000 4.82332 -2.16709 -5.8301 0.125561 0.783778 0.180426 -0.580838
1403715567.462143000 4.89841 -2.28078 -5.85275 0.179323 0.765394 0.274224 -0.553911
1403715567.612143000 4.97146 -2.38562 -5.90515 0.229244 0.735333 0.358975 -0.527133
1403715567.762143000 5.08601 -2.51394 -5.97672 0.282051 0.692054 0.429677 -0.506839
1403715567.862143000 5.14312 -2.58203 -6.0247 0.317429 0.65878 0.472268 -0.49215
1403715568.012143000 5.24453 -2.67841 -6.08422 0.361414 0.605508 0.534342 -0.466066
1403715568.162143000 5.344 -2.7643 -6.14304 0.407521 0.547863 0.582659 -0.440774
1403715568.312143000 5.4518 -2.83579 -6.19065 0.447653 0.49351 0.626855 -0.403865
1403715568.412143000 5.52829 -2.87088 -6.22431 0.471844 0.457526 0.652452 -0.377279
1403715568.512143000 5.60503 -2.89574 -6.2533 0.492665 0.419134 0.676905 -0.351295
1403715568.662143000 5.71755 -2.89958 -6.2756 0.51809 0.360238 0.71101 -0.310286
1403715568.812143000 5.83167 -2.89357 -6.29652 0.539422 0.301052 0.74045 -0.264811
1403715568.962143000 5.94223 -2.86431 -6.31015 0.550697 0.24606 0.766787 -0.219601
1403715569.112143000 6.04704 -2.82517 -6.32575 0.555763 0.195914 0.788153 -0.177652
1403715569.212143000 6.1158 -2.79274 -6.33593 0.560884 0.166571 0.797275 -0.148378
1403715569.312143000 6.18413 -2.75829 -6.34271 0.574074 0.139923 0.796919 -0.12562
1403715569.462143000 6.27884 -2.6969 -6.35055 0.596608 0.103152 0.789327 -0.101889
1403715569.612143000 6.36451 -2.6296 -6.35649 0.604734 0.0630008 0.789528 -0.083508
1403715569.762143000 6.43324 -2.54995 -6.36126 0.602017 0.022444 0.796188 -0.0561847
1403715569.912143000 6.47932 -2.45387 -6.36102 0.601773 -0.0230218 0.79816 -0.0167663
1403715570.012143000 6.50323 -2.38387 -6.36609 0.605777 -0.0564737 0.793571 0.00947354
1403715570.162143000 6.51867 -2.27375 -6.36507 0.607276 -0.108739 0.785459 0.0494591
1403715570.312143000 6.51746 -2.16627 -6.37123 0.604968 -0.163893 0.773686 0.0925367
1403715570.462143000 6.48745 -2.0527 -6.37748 0.601058 -0.221109 0.755285 0.13923
1403715570.562143000 6.45559 -1.98838 -6.38959 0.596621 -0.261297 0.739368 0.170593
1403715570.662143000 6.40761 -1.92107 -6.40059 0.5846 -0.302215 0.725758 0.20046
1403715570.762143000 6.34761 -1.86347 -6.41592 0.565993 -0.343663 0.713212 0.229948
1403715570.912143000 6.26482 -1.77528 -6.43682 0.538359 -0.403482 0.687645 0.272976
1403715571.012143000 6.18862 -1.72454 -6.45237 0.516742 -0.438768 0.672561 0.296855
1403715571.162143000 6.0812 -1.64724 -6.47567 0.493163 -0.467992 0.654912 0.329945
1403715571.312143000 5.96585 -1.58113 -6.49353 0.498589 -0.476015 0.631645 0.354746
1403715571.412143000 5.8889 -1.54666 -6.50379 0.501601 -0.478865 0.623638 0.360777
1403715571.562143000 5.77432 -1.51138 -6.51735 0.480961 -0.486838 0.635913 0.356762
1403715571.662143000 5.69118 -1.49472 -6.53429 0.450673 -0.48196 0.657128 0.364405
1403715571.812143000 5.58557 -1.464 -6.57247 0.389699 -0.468899 0.697464 0.37658
1403715571.962143000 5.51985 -1.43111 -6.62644 0.344743 -0.465065 0.726533 0.370157
1403715572.112143000 5.52181 -1.37013 -6.67999 0.332776 -0.484336 0.734487 0.339424
1403715572.212143000 5.55625 -1.31234 -6.71233 0.355369 -0.509817 0.716845 0.316122
1403715572.362143000 5.62806 -1.19159 -6.75598 0.424638 -0.544997 0.652116 0.3121
1403715572.562143000 5.70432 -0.985524 -6.80744 0.466181 -0.568977 0.580554 0.349139
1403715572.712143000 5.7233 -0.852153 -6.84364 -0.456729 0.591251 -0.547733 -0.376575
1403715572.862143000 5.71985 -0.718702 -6.86528 -0.428071 0.618523 -0.524418 -0.398961
1403715573.062143000 5.67272 -0.55336 -6.85181 -0.389989 0.643599 -0.489247 -0.440825
1403715573.162143000 5.64144 -0.478601 -6.82368 -0.368644 0.65593 -0.470882 -0.460574
1403715573.312143000 5.5882 -0.377982 -6.78451 -0.335094 0.678461 -0.441529 -0.482135
1403715573.412143000 5.54991 -0.312836 -6.76599 -0.310299 0.693916 -0.422386 -0.493746
1403715573.562143000 5.4999 -0.222281 -6.73393 -0.265727 0.712856 -0.398438 -0.512321
1403715573.662143000 5.46864 -0.158395 -6.71575 -0.24809 0.728497 -0.374613 -0.517115
1403715573.812143000 5.4305 -0.0608997 -6.68927 -0.23083 0.759621 -0.330218 -0.510538
1403715573.912143000 5.40203 0.00071463 -6.66696 -0.213855 0.779702 -0.300592 -0.50594
1403715574.062143000 5.34915 0.10321 -6.63733 -0.176096 0.804491 -0.254942 -0.506744
1403715574.212143000 5.2755 0.212323 -6.59909 -0.13792 0.818812 -0.201633 -0.51949
1403715574.312143000 5.21792 0.291694 -6.57495 -0.126617 0.818987 -0.15637 -0.53738
1403715574.462143000 5.12411 0.408142 -6.54603 -0.12678 0.817737 -0.0923746 -0.553806
1403715574.562143000 5.05488 0.477967 -6.53011 -0.125515 0.818416 -0.0653928 -0.556924
1403715574.712143000 4.94778 0.556365 -6.51893 -0.116118 0.824223 -0.0368971 -0.553002
1403715574.862143000 4.82527 0.604973 -6.50171 -0.086687 0.828425 -0.030987 -0.552482
1403715574.962143000 4.73704 0.624728 -6.48625 -0.068729 0.825339 -0.0350805 -0.559341
1403715575.112143000 4.59241 0.646913 -6.46308 -0.0619424 0.814881 -0.0369228 -0.575125
1403715575.262143000 4.46295 0.65454 -6.43314 -0.0716609 0.791985 -0.0358098 -0.605262
1403715575.362143000 4.38366 0.653964 -6.41703 -0.0789798 0.792141 -0.0389331 -0.603953
1403715575.562143000 4.24847 0.631021 -6.37814 -0.0971899 0.804098 -0.0454067 -0.584738
1403715575.712143000 4.14867 0.588083 -6.34338 -0.13083 0.796725 -0.0349627 -0.588974
1403715575.812143000 4.08933 0.539471 -6.32211 -0.14119 0.796787 -0.0349514 -0.586494
1403715575.912143000 4.03171 0.467069 -6.30153 -0.139176 0.79842 -0.0418361 -0.584299
1403715576.062143000 3.95301 0.332743 -6.26886 -0.112743 0.802437 -0.065043 -0.582368
1403715576.312143000 3.83139 0.0735724 -6.22599 -0.0903261 0.799317 -0.0808889 -0.588549
1403715576.412143000 3.77848 -0.0337037 -6.20379 -0.0908229 0.789717 -0.0783635 -0.601629
1403715576.562143000 3.72306 -0.204401 -6.16881 -0.0947905 0.772433 -0.0756723 -0.623407
1403715576.662143000 3.69052 -0.321392 -6.14451 -0.101754 0.765309 -0.0762944 -0.630973
1403715576.812143000 3.67803 -0.512557 -6.10969 -0.111244 0.771376 -0.087358 -0.620462
1403715576.962143000 3.69551 -0.716865 -6.07596 -0.116981 0.788213 -0.104094 -0.595148
1403715577.062143000 3.71437 -0.858875 -6.05132 -0.113205 0.791591 -0.121446 -0.588064
1403715577.212143000 3.75873 -1.06449 -6.02194 -0.105442 0.790755 -0.152274 -0.58344
1403715577.362143000 3.79981 -1.27228 -6.03077 -0.112496 0.7882 -0.165794 -0.581892
1403715577.462143000 3.83153 -1.40755 -6.05831 -0.120898 0.787871 -0.167123 -0.58027
1403715577.612143000 3.88805 -1.60507 -6.10172 -0.126479 0.787521 -0.168723 -0.579091
1403715577.712143000 3.92875 -1.73778 -6.1106 -0.124905 0.788094 -0.171538 -0.577824
1403715577.812143000 3.9718 -1.86772 -6.10855 -0.117379 0.786797 -0.179443 -0.578769
1403715577.912143000 4.01788 -1.99162 -6.11403 -0.111849 0.784375 -0.193122 -0.578749
1403715578.062143000 4.09445 -2.15684 -6.15304 -0.10636 0.78206 -0.225132 -0.571302
1403715578.212143000 4.18222 -2.30649 -6.21826 -0.0936225 0.782246 -0.277559 -0.549806
1403715578.312143000 4.24362 -2.37589 -6.27302 -0.112298 0.775449 -0.302323 -0.542835
1403715578.412143000 4.31222 -2.43078 -6.32193 -0.141821 0.767458 -0.32268 -0.535512
1403715578.562143000 4.41843 -2.47584 -6.40079 -0.188728 0.768353 -0.348412 -0.502619
1403715578.712143000 4.51561 -2.50288 -6.48133 -0.212727 0.787048 -0.370382 -0.445107
1403715578.812143000 4.56699 -2.50456 -6.52994 -0.218339 0.79206 -0.3828 -0.422414
1403715578.962143000 4.60597 -2.46686 -6.59365 -0.238882 0.786875 -0.382596 -0.421169
1403715579.062143000 4.59081 -2.4188 -6.62684 -0.268548 0.77931 -0.365426 -0.43246
1403715579.212143000 4.55268 -2.34179 -6.65499 -0.324282 0.76684 -0.324175 -0.449119
1403715579.312143000 4.49883 -2.29946 -6.66174 -0.34257 0.757318 -0.310773 -0.461016
1403715579.462143000 4.38365 -2.26228 -6.67843 -0.341546 0.754115 -0.313748 -0.464993
1403715579.562143000 4.28386 -2.25404 -6.68662 -0.322926 0.755148 -0.329149 -0.465973
1403715579.712143000 4.10794 -2.25699 -6.68643 -0.308898 0.75061 -0.336224 -0.477619
1403715579.762143000 4.04346 -2.26043 -6.68586 -0.305898 0.747542 -0.336649 -0.48402
1403715579.912143000 3.83658 -2.27491 -6.66324 -0.30975 0.743743 -0.33199 -0.490596
1403715580.012143000 3.68917 -2.29535 -6.6433 -0.307242 0.735803 -0.343621 -0.496106
1403715580.162143000 3.46356 -2.33768 -6.63099 -0.312075 0.717691 -0.373988 -0.497656
1403715580.262143000 3.3116 -2.36764 -6.63312 -0.320069 0.703804 -0.398042 -0.493738
1403715580.662143000 2.72739 -2.51861 -6.65796 -0.323 0.635664 -0.509496 -0.48168
1403715580.812143000 2.54457 -2.57396 -6.66384 -0.304457 0.619322 -0.541187 -0.480483
1403715580.912143000 2.4407 -2.60321 -6.66418 -0.284446 0.608191 -0.561809 -0.483286
1403715581.012143000 2.35892 -2.62261 -6.66367 -0.270118 0.604598 -0.575295 -0.480139
1403715581.162143000 2.28658 -2.62656 -6.66971 -0.272136 0.617109 -0.57753 -0.459976
1403715581.312143000 2.25751 -2.59671 -6.66091 -0.294168 0.622617 -0.564215 -0.455494
1403715581.462143000 2.25503 -2.54096 -6.65073 -0.303071 0.63399 -0.540446 -0.462734
1403715581.612143000 2.27311 -2.4683 -6.65488 -0.323596 0.663656 -0.490238 -0.463155
1403715581.712143000 2.28721 -2.41522 -6.67193 -0.329024 0.685501 -0.453884 -0.464565
1403715581.862143000 2.29847 -2.33047 -6.69869 -0.328054 0.719281 -0.395362 -0.467658
1403715581.962143000 2.29646 -2.28418 -6.70218 -0.308561 0.733291 -0.369311 -0.480295
1403715582.112143000 2.27638 -2.21888 -6.68235 -0.282287 0.733501 -0.333883 -0.520397
1403715582.262143000 2.25267 -2.17184 -6.66772 -0.266618 0.732354 -0.307289 -0.546028
1403715582.362143000 2.24027 -2.1456 -6.67704 -0.25683 0.74327 -0.301038 -0.539411
1403715582.512143000 2.22223 -2.12699 -6.6922 -0.24663 0.761066 -0.300904 -0.519046
1403715582.612143000 2.20494 -2.11073 -6.69376 -0.242346 0.768315 -0.304406 -0.50823
1403715582.762143000 2.16555 -2.08653 -6.67714 -0.240696 0.772804 -0.313391 -0.496614
1403715582.862143000 2.13131 -2.06949 -6.6737 -0.239721 0.776116 -0.321847 -0.486408
1403715583.012143000 2.06207 -2.03886 -6.6921 -0.237986 0.783092 -0.334627 -0.46707
1403715583.112143000 2.00515 -2.01168 -6.71846 -0.239002 0.781948 -0.340568 -0.464165
1403715583.212143000 1.93501 -1.9762 -6.74241 -0.248154 0.76618 -0.340367 -0.485322
1403715583.312143000 1.85369 -1.93927 -6.75929 -0.254905 0.744192 -0.340038 -0.515341
1403715583.462143000 1.74042 -1.88486 -6.79449 -0.260429 0.712065 -0.337088 -0.558132
1403715583.562143000 1.67377 -1.85533 -6.81642 -0.265643 0.694543 -0.331164 -0.580839
1403715583.712143000 1.59916 -1.82776 -6.84663 -0.285252 0.655577 -0.309925 -0.626735
1403715583.812143000 1.57657 -1.83679 -6.86816 0.297587 -0.633815 0.295203 0.650058
1403715583.962143000 1.597 -1.90617 -6.87723 0.293331 -0.623938 0.292598 0.662605
1403715584.062143000 1.65386 -1.99374 -6.86031 0.275389 -0.633286 0.304532 0.656025
1403715584.162143000 1.74339 -2.10637 -6.82613 -0.251855 0.655424 -0.322774 -0.634669
1403715584.312143000 1.92675 -2.29944 -6.7572 -0.215518 0.703476 -0.34993 -0.579846
1403715584.412143000 2.07894 -2.42665 -6.72336 -0.199332 0.728451 -0.359459 -0.548102
1403715584.562143000 2.3003 -2.60369 -6.7022 -0.193116 0.749168 -0.362847 -0.519419
1403715584.662143000 2.44888 -2.70522 -6.69156 -0.198096 0.758058 -0.359244 -0.507001
1403715584.812143000 2.66681 -2.83391 -6.67816 -0.218771 0.772529 -0.344903 -0.486191
1403715584.912143000 2.80015 -2.9043 -6.66177 -0.227703 0.778881 -0.340659 -0.474812
1403715585.012143000 2.92145 -2.96776 -6.65038 -0.235197 0.789691 -0.336547 -0.455859
1403715585.162143000 3.07273 -3.04661 -6.62796 -0.226975 0.801768 -0.345654 -0.431478
1403715585.262143000 3.14722 -3.08313 -6.61001 -0.224871 0.80222 -0.347865 -0.429961
1403715585.412143000 3.21624 -3.11496 -6.57746 -0.235339 0.791052 -0.33919 -0.451445
1403715585.562143000 3.25266 -3.12312 -6.54609 -0.246908 0.780483 -0.326881 -0.472262
1403715585.662143000 3.26114 -3.12371 -6.52993 -0.252048 0.775574 -0.320359 -0.482003
1403715585.812143000 3.2545 -3.12243 -6.52784 -0.248916 0.774159 -0.320471 -0.485815
1403715585.962143000 3.23266 -3.121 -6.56371 -0.225605 0.769074 -0.337314 -0.493809
1403715586.112143000 3.19851 -3.1045 -6.59762 -0.201784 0.749567 -0.357621 -0.519172
1403715586.212143000 3.179 -3.08041 -6.60552 -0.212541 0.735948 -0.351706 -0.538061
1403715586.362143000 3.15768 -3.03722 -6.60658 -0.251184 0.731097 -0.32552 -0.544464
1403715586.462143000 3.15327 -3.01469 -6.61024 -0.271786 0.727615 -0.309996 -0.54828
1403715586.612143000 3.1471 -3.00326 -6.61168 -0.28198 0.723236 -0.302014 -0.553357
1403715586.712143000 3.14717 -3.00931 -6.61323 -0.277853 0.724926 -0.305708 -0.551201
1403715586.862143000 3.15136 -3.03729 -6.61392 -0.25337 0.737082 -0.326333 -0.534809
1403715586.962143000 3.15537 -3.05982 -6.61183 -0.242372 0.745353 -0.336711 -0.521853
1403715587.112143000 3.15565 -3.09101 -6.59591 -0.238939 0.747571 -0.342676 -0.516352
1403715587.262143000 3.15971 -3.11808 -6.58008 -0.253603 0.739806 -0.33057 -0.528296
1403715587.362143000 3.16103 -3.13926 -6.56466 -0.252826 0.736192 -0.326597 -0.53613
1403715587.462143000 3.16314 -3.165 -6.54769 -0.241209 0.73203 -0.330901 -0.544476
1403715587.612143000 3.17467 -3.20212 -6.51372 -0.222813 0.725939 -0.353034 -0.546565
1403715587.712143000 3.19411 -3.22376 -6.49576 -0.218483 0.72118 -0.374154 -0.54053
1403715587.862143000 3.24306 -3.24203 -6.46738 -0.234155 0.70648 -0.409964 -0.527244
1403715588.012143000 3.31393 -3.24239 -6.43714 -0.28069 0.681479 -0.440296 -0.512775
1403715588.112143000 3.37106 -3.23305 -6.4223 -0.315946 0.660072 -0.458144 -0.504566
1403715588.262143000 3.46697 -3.23451 -6.42879 -0.361808 0.624486 -0.488077 -0.490808
1403715588.412143000 3.57204 -3.24905 -6.48102 -0.393288 0.590209 -0.523104 -0.472589
1403715588.562143000 3.68737 -3.28973 -6.53037 -0.41753 0.561164 -0.555899 -0.449154
1403715588.612143000 3.72692 -3.30464 -6.55814 0.423117 -0.55232 0.567389 0.440435
1403715588.762143000 3.85215 -3.37173 -6.6071 0.430543 -0.533979 0.605022 0.404285
1403715588.912143000 3.98133 -3.44092 -6.67512 0.43063 -0.525055 0.64434 0.351713
1403715589.012143000 4.06899 -3.48625 -6.71308 0.42742 -0.518466 0.669951 0.315707
1403715589.162143000 4.19358 -3.51549 -6.76408 0.428874 -0.497733 0.699852 0.280242
1403715589.312143000 4.32626 -3.51584 -6.77215 0.434081 -0.475759 0.720532 0.257022
1403715589.412143000 4.42118 -3.49969 -6.77326 0.432498 -0.461367 0.736189 0.241064
1403715589.562143000 4.56638 -3.43318 -6.75321 0.430644 -0.441357 0.756126 0.219144
1403715589.662143000 4.67163 -3.3623 -6.72976 0.431687 -0.432628 0.762993 0.210524
1403715589.812143000 4.845 -3.20174 -6.66725 0.465075 -0.418974 0.748262 0.219703
1403715589.962143000 5.02379 -3.01102 -6.57534 0.508089 -0.401357 0.721005 0.2468
1403715590.112143000 5.20021 -2.80864 -6.4956 0.523162 -0.396356 0.708705 0.25873
1403715590.262143000 5.35743 -2.61568 -6.43 0.519152 -0.408193 0.706237 0.255126
1403715590.412143000 5.49427 -2.42334 -6.37237 0.516424 -0.438912 0.691643 0.249586
1403715590.562143000 5.60981 -2.21756 -6.31508 0.511939 -0.479632 0.665287 0.255469
1403715590.662143000 5.66825 -2.07606 -6.2773 0.497333 -0.506517 0.65128 0.268209
1403715590.762143000 5.71089 -1.92996 -6.23784 0.472744 -0.525544 0.642444 0.295942
1403715590.912143000 5.75965 -1.69809 -6.17507 0.448255 -0.551314 0.613784 0.344078
1403715591.012143000 5.78416 -1.54212 -6.13926 0.43235 -0.575679 0.588881 0.367268
1403715591.112143000 5.80225 -1.38887 -6.10607 -0.412983 0.603934 -0.562375 -0.385282
1403715591.262143000 5.8152 -1.16759 -6.0533 -0.389649 0.652672 -0.510867 -0.401507
1403715591.412143000 5.81059 -0.939522 -6.01531 -0.366178 0.69494 -0.455124 -0.419327
1403715591.512143000 5.78923 -0.793598 -5.99287 -0.345798 0.717438 -0.421948 -0.433206
1403715591.662143000 5.73825 -0.576019 -5.97812 -0.306619 0.744487 -0.377744 -0.457202
1403715591.812143000 5.66438 -0.369894 -5.98843 -0.282022 0.764076 -0.328698 -0.478131
1403715591.912143000 5.60472 -0.233449 -6.0125 -0.266349 0.775768 -0.297622 -0.488532
1403715592.062143000 5.49462 -0.0460415 -6.05993 -0.251538 0.79425 -0.242612 -0.497027
1403715592.162143000 5.40829 0.0694117 -6.10413 -0.239693 0.802124 -0.203896 -0.507514
1403715592.262143000 5.30754 0.162579 -6.12966 -0.22576 0.804301 -0.163637 -0.524744
1403715592.412143000 5.13889 0.276076 -6.15133 -0.20018 0.8097 -0.10373 -0.541807
1403715592.512143000 5.01688 0.324849 -6.15468 -0.182135 0.813749 -0.0645508 -0.548154
1403715592.662143000 4.81987 0.360814 -6.16522 -0.1567 0.814464 -0.00437321 -0.558637
1403715592.712143000 4.74884 0.360325 -6.17021 -0.147423 0.814259 0.0157434 -0.561249
1403715592.962143000 4.41998 0.260008 -6.16762 -0.0334296 0.82109 0.0675338 -0.565802
1403715593.112143000 4.22532 0.15537 -6.16826 0.0416617 0.816691 0.0968194 -0.567368
1403715593.262143000 4.03595 0.0505167 -6.17114 0.0890938 0.804921 0.146676 -0.568024
1403715593.412143000 3.85878 -0.0508081 -6.18191 0.105931 0.789877 0.20974 -0.566464
1403715593.562143000 3.68426 -0.161384 -6.18922 0.121658 0.770865 0.270287 -0.563837
1403715593.712143000 3.52148 -0.290996 -6.19535 0.15597 0.741372 0.316034 -0.571107
1403715593.862143000 3.39193 -0.430775 -6.19703 0.191777 0.712216 0.36024 -0.571137
1403715594.012143000 3.29722 -0.575517 -6.20334 0.225686 0.690661 0.410762 -0.550751
1403715594.162143000 3.21704 -0.737013 -6.2129 0.260393 0.67383 0.456378 -0.519488
1403715594.312143000 3.17764 -0.892315 -6.21645 0.290944 0.650535 0.496096 -0.496029
1403715594.462143000 3.15965 -1.0539 -6.21694 0.315182 0.617119 0.537455 -0.48059
1403715594.612143000 3.16706 -1.21806 -6.21725 0.335222 0.575768 0.583684 -0.464145
1403715594.762143000 3.20398 -1.39219 -6.21279 0.355503 0.547991 0.6292 -0.421226
1403715594.862143000 3.24761 -1.5075 -6.21528 0.37612 0.534271 0.652389 -0.384028
1403715595.012143000 3.32236 -1.6906 -6.22066 0.402802 0.502975 0.685567 -0.338769
1403715595.112143000 3.38371 -1.8251 -6.22505 0.419477 0.476804 0.705294 -0.315051
1403715595.212143000 3.45088 -1.96795 -6.22728 0.443075 0.449653 0.718489 -0.292011
1403715595.362143000 3.56267 -2.18781 -6.23435 0.477624 0.400775 0.736008 -0.263716
1403715595.512143000 3.67345 -2.42225 -6.24534 0.511837 0.345544 0.75 -0.2369
1403715595.612143000 3.74617 -2.57869 -6.25279 0.530127 0.297575 0.759453 -0.231614
1403715595.762143000 3.8557 -2.80211 -6.2638 0.559573 0.209724 0.764324 -0.242288
1403715595.862143000 3.92211 -2.92964 -6.26661 0.580086 0.155383 0.760409 -0.247254
1403715596.012143000 4.02616 -3.06809 -6.25743 0.624974 0.096526 0.736508 -0.240094
1403715596.162143000 4.09488 -3.12542 -6.23244 0.667236 0.0747801 0.710984 -0.209058
1403715596.312143000 4.10912 -3.11057 -6.19242 0.635383 0.0723213 0.747094 -0.18141
1403715596.412143000 4.09506 -3.06808 -6.16403 0.588789 0.0775374 0.789504 -0.154917
1403715596.562143000 4.07437 -2.96657 -6.11142 0.531483 0.0806314 0.835877 -0.111058
1403715596.712143000 4.07573 -2.85983 -6.06058 0.493156 0.0690992 0.863906 -0.0754216
1403715596.862143000 4.12146 -2.7529 -6.01169 0.469206 0.0498692 0.880468 -0.0461999
1403715597.012143000 4.22302 -2.65271 -5.96889 0.450148 0.034273 0.89187 -0.0275607
1403715597.162143000 4.39052 -2.56276 -5.92638 0.461946 0.0248072 0.886386 -0.0176272
1403715597.362143000 4.70673 -2.4634 -5.87322 0.525591 0.0160713 0.850528 0.00990103
1403715597.462143000 4.87768 -2.41584 -5.84545 0.558343 0.00412977 0.829234 0.024636
1403715597.612143000 5.13043 -2.35452 -5.81276 0.586895 -0.0298407 0.808036 0.0417286
1403715597.762143000 5.36172 -2.30891 -5.80321 0.587468 -0.0681791 0.804127 0.0601089
1403715597.912143000 5.59233 -2.2683 -5.78526 0.588816 -0.0933853 0.799386 0.0745409
1403715598.062143000 5.82329 -2.23283 -5.76281 0.599965 -0.106292 0.78883 0.0805711
1403715598.212143000 6.02794 -2.20809 -5.75547 0.61131 -0.114192 0.779187 0.0782827
1403715598.362143000 6.21234 -2.18426 -5.7679 0.636457 -0.109939 0.758942 0.0827198
1403715598.462143000 6.3154 -2.17461 -5.78178 0.659109 -0.101926 0.739654 0.0899881
1403715598.612143000 6.42257 -2.17553 -5.80327 0.675343 -0.0921416 0.725255 0.0970939
1403715598.762143000 6.47044 -2.19947 -5.83961 0.64943 -0.0958463 0.7495 0.0854634
1403715598.862143000 6.47765 -2.22044 -5.86726 0.62453 -0.100126 0.770718 0.07701
1403715598.962143000 6.47317 -2.24333 -5.89846 0.607796 -0.104093 0.784161 0.0695743
1403715599.062143000 6.46254 -2.26593 -5.93227 0.600169 -0.106469 0.790031 0.0656757
1403715599.212143000 6.43695 -2.29428 -5.99298 0.595437 -0.104891 0.793732 0.066649
1403715599.312143000 6.41148 -2.31424 -6.03457 0.586437 -0.0994993 0.800412 0.0743735
1403715599.462143000 6.36479 -2.34598 -6.09994 0.579511 -0.0846782 0.805006 0.0946657
1403715599.662143000 6.31092 -2.41378 -6.1881 0.58445 -0.0700284 0.800283 0.114285
1403715599.762143000 6.28451 -2.46384 -6.23009 0.593504 -0.0708849 0.793875 0.111765
1403715599.862143000 6.25453 -2.52452 -6.2731 0.599973 -0.0790861 0.790028 0.0981445
1403715600.012143000 6.20118 -2.63091 -6.34288 0.589803 -0.0955189 0.798552 0.0729666
1403715600.112143000 6.16034 -2.70126 -6.38829 0.585163 -0.113294 0.801086 0.0548567
1403715600.262143000 6.09276 -2.79392 -6.45637 0.582652 -0.159161 0.796352 0.0317419
1403715600.362143000 6.04419 -2.8404 -6.49506 0.579324 -0.191063 0.79163 0.0346537
1403715600.512143000 5.955 -2.87568 -6.55727 0.559164 -0.229295 0.793361 0.0730584
1403715600.662143000 5.8611 -2.87907 -6.61039 0.52947 -0.261459 0.796623 0.129195
1403715600.812143000 5.77915 -2.862 -6.63915 0.516529 -0.305219 0.781419 0.171534
1403715600.962143000 5.71082 -2.82147 -6.63889 0.511721 -0.348964 0.75845 0.202778
1403715601.062143000 5.67368 -2.7806 -6.61894 0.511217 -0.369576 0.744556 0.218418
1403715601.262143000 5.60559 -2.68894 -6.55291 0.514932 -0.394147 0.726333 0.227891
1403715601.412143000 5.55108 -2.60485 -6.48887 0.518182 -0.404702 0.718153 0.227948
1403715601.562143000 5.49766 -2.50214 -6.43597 0.516611 -0.403604 0.717485 0.235439
1403715601.662143000 5.45254 -2.43155 -6.40166 0.514479 -0.400479 0.71928 0.239926
1403715601.812143000 5.38255 -2.31516 -6.35401 0.520237 -0.394763 0.715663 0.247675
1403715601.962143000 5.30958 -2.19649 -6.3068 0.536343 -0.379816 0.710907 0.250376
1403715602.062143000 5.25848 -2.11891 -6.27688 0.559125 -0.360539 0.702508 0.252733
1403715602.212143000 5.17059 -2.02078 -6.23991 0.577645 -0.328221 0.705135 0.247754
1403715602.312143000 5.10364 -1.96439 -6.22299 0.578392 -0.307913 0.717462 0.236432
1403715602.462143000 4.99108 -1.8976 -6.20612 0.56243 -0.285299 0.749091 0.202828
1403715602.612143000 4.86227 -1.85145 -6.18408 0.556052 -0.260519 0.77083 0.16958
1403715602.762143000 4.74327 -1.80196 -6.18822 0.563459 -0.233586 0.780911 0.134645
1403715602.862143000 4.66282 -1.76617 -6.20899 0.564457 -0.212176 0.789179 0.116475
1403715603.012143000 4.54157 -1.70715 -6.26242 0.56424 -0.180758 0.800334 0.0917924
1403715603.162143000 4.41481 -1.64881 -6.3349 0.570388 -0.147124 0.805079 0.0697063
1403715603.312143000 4.29659 -1.57482 -6.40414 0.564753 -0.118013 0.815376 0.047848
1403715603.462143000 4.18002 -1.48449 -6.46635 0.561302 -0.0940249 0.821312 0.0393162
1403715603.662143000 4.0446 -1.36005 -6.53021 0.560713 -0.0609663 0.823916 0.0551902
1403715603.812143000 3.95987 -1.2706 -6.56597 0.565011 -0.0409486 0.821048 0.070475
1403715603.962143000 3.8829 -1.20586 -6.58126 0.54555 -0.0326512 0.833632 0.0797922
1403715604.212143000 3.80932 -1.14365 -6.59099 0.541277 -0.0578081 0.837588 0.0460902
1403715604.312143000 3.79736 -1.12558 -6.59669 0.549462 -0.0629301 0.832262 0.0383517
1403715604.412143000 3.79244 -1.10749 -6.60483 0.550357 -0.0645481 0.831683 0.0352742
1403715604.562143000 3.80703 -1.08551 -6.60864 0.558622 -0.0649728 0.826135 0.0349393
1403715604.662143000 3.81741 -1.06472 -6.61644 0.569495 -0.0652346 0.818686 0.0342438
1403715604.812143000 3.83374 -1.031 -6.6305 0.57445 -0.0661935 0.815222 0.0322262
1403715604.962143000 3.85361 -0.990262 -6.6391 0.572202 -0.0677474 0.816733 0.0306812
1403715605.112143000 3.87218 -0.951328 -6.64563 0.569709 -0.0684131 0.818385 0.0315831
1403715605.212143000 3.88782 -0.92291 -6.64588 0.572742 -0.069839 0.8161 0.0327088
1403715605.312143000 3.90469 -0.89279 -6.64315 0.574897 -0.0684974 0.814454 0.0382826
1403715605.462143000 3.93425 -0.851195 -6.64437 0.575929 -0.0646506 0.813402 0.0500375
1403715605.612143000 3.96082 -0.811336 -6.66749 0.570219 -0.0627333 0.817044 0.0579113
1403715605.762143000 3.98946 -0.779 -6.70255 0.573649 -0.0701883 0.814542 0.0502181
1403715605.912143000 4.02353 -0.751932 -6.72953 0.576484 -0.0762645 0.812362 0.0437885
1403715606.012143000 4.04596 -0.732919 -6.74644 0.579122 -0.0786067 0.810342 0.04224
1403715606.162143000 4.08277 -0.704357 -6.78474 0.58035 -0.0815365 0.809122 0.0432
1403715606.312143000 4.11271 -0.669371 -6.82305 0.578964 -0.0788158 0.809858 0.0521361
1403715606.462143000 4.13563 -0.634238 -6.83789 0.578227 -0.0765939 0.810048 0.0600787
1403715606.612143000 4.16375 -0.60379 -6.84058 0.579852 -0.0753797 0.808321 0.068599
1403715606.762143000 4.18676 -0.581403 -6.84653 0.580677 -0.0719433 0.806923 0.0807028
1403715606.912143000 4.21444 -0.568428 -6.86637 0.590819 -0.0755218 0.799217 0.0805047
1403715607.062143000 4.23266 -0.568387 -6.88918 0.593079 -0.0890368 0.797643 0.0640017
1403715607.162143000 4.23922 -0.569181 -6.90545 0.589412 -0.0946392 0.800158 0.0581682
1403715607.312143000 4.24615 -0.564921 -6.92226 0.585052 -0.0975001 0.803204 0.0554232
1403715607.462143000 4.24426 -0.562614 -6.93842 0.586987 -0.0973839 0.801834 0.0549916
1403715607.612143000 4.23404 -0.552988 -6.94598 0.585242 -0.0963924 0.80336 0.0530438
1403715607.812143000 4.21455 -0.535157 -6.95607 0.583763 -0.0938133 0.804842 0.0514698
1403715607.912143000 4.19944 -0.52374 -6.97379 0.581757 -0.096801 0.805984 0.0507734
1403715608.062143000 4.19732 -0.523375 -6.97295 0.582901 -0.101316 0.804775 0.0479364
1403715608.212143000 4.19619 -0.528296 -6.9776 0.581002 -0.101179 0.806133 0.0484597
1403715608.312143000 4.19498 -0.529431 -6.97863 0.580844 -0.100623 0.806282 0.0490411
1403715608.412143000 4.19406 -0.53113 -6.97905 0.581087 -0.100592 0.806106 0.049109
1403715608.512143000 4.19208 -0.531047 -6.97949 0.581323 -0.100446 0.805943 0.0492918
1403715608.662143000 4.19269 -0.52914 -6.98206 0.580799 -0.100254 0.806333 0.0494857
1403715608.762143000 4.19027 -0.529923 -6.98234 0.581248 -0.100155 0.806018 0.0495487
1403715608.912143000 4.18722 -0.531575 -6.98263 0.580865 -0.100086 0.806291 0.0497347
1403715609.012143000 4.19556 -0.52981 -6.98022 0.581118 -0.100223 0.806085 0.0498306
1403715609.162143000 4.19342 -0.531094 -6.97905 0.58081 -0.100121 0.806311 0.0499874
1403715609.312143000 4.19094 -0.532008 -6.97766 0.580793 -0.100037 0.806332 0.0500075
