1403715524.112143000 -0.00175355 0.0140741 0.00788235 0.999999 0.00149566 -0.000201764 0.000795105
1403715524.212143000 -0.00159639 0.0140081 0.00750828 0.999998 0.00151625 -0.000181853 0.000856543
1403715524.362143000 -0.00019598 -0.000282342 0.000535742 1 0.000151072 5.04035e-05 -0.000142495
1403715524.462143000 -0.00117743 0.0149186 0.00640269 0.999998 0.00167722 -8.05093e-05 0.000934903
1403715524.562143000 9.11248e-05 -2.62011e-06 -0.000173371 1 9.5388e-05 -3.175e-05 -0.000163673
1403715524.712143000 -0.00578501 -0.00225305 -0.00242778 0.999999 -8.91116e-05 0.001134 -0.000376044
1403715524.862143000 -0.0169745 -0.00114535 -0.00900011 0.999995 0.000410409 0.0029715 -0.00113793
1403715525.012143000 0.00489407 0.00318511 0.00463948 0.999999 0.000211989 -0.00107755 0.00057906
1403715525.112143000 -0.00431949 0.00106934 -0.00178419 1 0.000176473 0.000651351 -0.000251583
1403715525.212143000 0.000501177 -0.0155059 -0.00634738 0.999998 -0.00179413 0.000227814 -0.000399987
1403715525.362143000 0.000728432 -0.00411926 -0.00295761 1 -0.000282521 2.52794e-05 0.000203397
1403715525.512143000 0.00975248 -0.0026903 0.00286888 0.999999 -0.000573045 -0.00135498 0.000815
1403715525.662143000 -0.00485837 0.00341853 -0.000577991 0.999999 0.00110898 0.00115276 -3.24901e-05
1403715525.812143000 0.000939538 -0.000243041 -0.000200109 1 0.000149805 0.000111993 -1.89521e-05
1403715525.962143000 -0.0104752 0.0014277 -0.0040862 0.999998 0.000487932 0.00198392 -0.000637306
1403715526.112143000 -0.0101033 0.0196605 0.00598589 0.999996 0.00242081 0.00143163 0.000741911
1403715526.262143000 -0.00334309 -0.00718316 -0.00602873 0.999999 -0.00040164 0.00100076 -0.000705571
1403715526.362143000 0.00443414 -0.000836538 0.00129763 1 -8.75786e-05 -0.000603889 0.000320181
1403715526.462143000 -0.324094 -0.0790504 0.842268 0.583123 -0.0685316 0.809344 0.0153162
1403715526.612143000 -0.323251 -0.07887 0.84041 0.583249 -0.0685585 0.809247 0.0154644
1403715526.712143000 -0.322486 -0.0775663 0.840574 0.583234 -0.0684806 0.809265 0.0154355
1403715526.862143000 -0.321379 -0.0759708 0.840836 0.583208 -0.0683077 0.809301 0.0153228
1403715526.962143000 -0.326689 -0.080546 0.836759 0.583373 -0.0682061 0.809185 0.0155853
1403715527.112143000 -0.327467 -0.0803699 0.835752 0.583378 -0.0682674 0.809178 0.0154837
1403715527.262143000 -0.328083 -0.0802104 0.834946 0.583424 -0.0681795 0.809153 0.0154504
1403715527.362143000 -0.328573 -0.079992 0.835036 0.583497 -0.0681611 0.809101 0.015567
1403715527.462143000 -0.32557 -0.0792628 0.840046 0.583177 -0.0681407 0.809332 0.0155834
1403715527.612143000 -0.325071 -0.0780121 0.840154 0.583227 -0.0680323 0.809307 0.0155108
1403715527.762143000 -0.324418 -0.0765442 0.840023 0.583181 -0.0679663 0.809345 0.0155306
1403715527.912143000 -0.323703 -0.07548 0.83978 0.582761 -0.0678793 0.809658 0.0153427
1403715528.062143000 -0.331556 -0.0809289 0.837993 0.583057 -0.068196 0.809419 0.0152938
1403715528.212143000 -0.331533 -0.0794975 0.83715 0.582666 -0.0680827 0.809712 0.0152189
1403715528.312143000 -0.333098 -0.0800497 0.835 0.581889 -0.0680094 0.810278 0.0152005
1403715528.462143000 -0.327142 -0.0780761 0.837041 0.574847 -0.0671368 0.815356 0.015452
1403715528.812143000 -0.311682 -0.0605774 0.886327 0.578114 -0.0578534 0.813696 0.0183179
1403715528.962143000 -0.303802 -0.0441489 0.91925 0.581591 -0.0572384 0.811305 0.0161087
1403715529.112143000 -0.294242 -0.0220408 0.960927 0.578621 -0.0631344 0.812866 0.0214409
1403715529.262143000 -0.288308 0.00711049 1.02264 0.572615 -0.0812489 0.815039 0.0349623
1403715529.412143000 -0.283596 0.0352123 1.07485 0.56505 -0.10834 0.816437 0.0491082
1403715529.562143000 -0.272575 0.068061 1.11332 0.564961 -0.128938 0.81272 0.0606706
1403715529.662143000 -0.261691 0.0912651 1.12824 0.566823 -0.137841 0.809565 0.0656973
1403715529.812143000 -0.237923 0.134799 1.14724 0.568819 -0.148381 0.805952 0.0697878
1403715529.912143000 -0.223626 0.164465 1.16667 0.570279 -0.150738 0.804121 0.0738225
1403715530.012143000 -0.207868 0.195608 1.19086 0.575243 -0.152405 0.800066 0.0759099
1403715530.262143000 -0.171653 0.279006 1.27206 0.581968 -0.163234 0.79423 0.0621904
1403715530.412143000 -0.164963 0.346551 1.35509 0.576016 -0.160944 0.798902 0.0637044
1403715530.562143000 -0.166652 0.426502 1.45599 0.572279 -0.163041 0.800094 0.0759235
1403715530.712143000 -0.171048 0.51093 1.53266 0.571652 -0.169097 0.798216 0.0864343
1403715530.862143000 -0.174756 0.598608 1.59169 0.568443 -0.183628 0.795457 0.101988
1403715530.962143000 -0.179628 0.658117 1.63001 0.565519 -0.195727 0.793648 0.109557
1403715531.112143000 -0.18367 0.749455 1.68381 0.542059 -0.209768 0.805535 0.115251
1403715531.212143000 -0.187289 0.808773 1.71127 0.52529 -0.211933 0.814849 0.12319
1403715531.312143000 -0.178019 0.875177 1.74292 0.529358 -0.204459 0.8112 0.141178
1403715531.462143000 -0.1488 0.962892 1.78867 0.546641 -0.200021 0.79832 0.154469
1403715531.612143000 -0.104691 1.04176 1.80322 0.552842 -0.199917 0.793303 0.158336
1403715531.712143000 -0.0747164 1.09044 1.80352 0.552677 -0.200805 0.793308 0.157761
1403715531.862143000 -0.0232555 1.15307 1.79702 0.566637 -0.208221 0.784022 0.144487
1403715531.962143000 0.00849333 1.19235 1.80387 0.576971 -0.209182 0.777045 0.139815
1403715532.112143000 0.0506401 1.24314 1.80064 0.583628 -0.210475 0.772748 0.133937
1403715532.262143000 0.076718 1.28362 1.79858 0.585954 -0.211019 0.770555 0.135552
1403715532.362143000 0.0902097 1.3107 1.79451 0.580936 -0.21167 0.772875 0.142735
1403715532.462143000 0.0977606 1.33598 1.79095 0.575511 -0.210103 0.775689 0.151492
1403715532.612143000 0.108713 1.36299 1.78974 0.569553 -0.202441 0.778365 0.169635
1403715532.712143000 0.112248 1.36681 1.7858 0.569569 -0.194396 0.776981 0.184667
1403715532.862143000 0.120493 1.35803 1.77583 0.570874 -0.186221 0.775564 0.194744
1403715533.012143000 0.131575 1.31225 1.75122 0.570605 -0.168062 0.781135 0.189719
1403715533.162143000 0.155646 1.24656 1.70853 0.575619 -0.139439 0.787741 0.169361
1403715533.312143000 0.180308 1.14689 1.67256 0.597192 -0.112878 0.78226 0.136708
1403715533.462143000 0.196718 1.01864 1.67092 0.596734 -0.096936 0.788719 0.111508
1403715533.562143000 0.198877 0.921426 1.69089 0.58828 -0.0824521 0.796844 0.11031
1403715533.662143000 0.194916 0.81549 1.72406 0.578633 -0.0682507 0.804414 0.115946
1403715533.762143000 0.190917 0.696651 1.77132 0.571851 -0.0581416 0.809455 0.119955
1403715533.862143000 0.192367 0.562693 1.82516 0.569217 -0.0586576 0.812373 0.112255
1403715534.012143000 0.211486 0.340592 1.88833 0.568182 -0.0686518 0.814751 0.0929339
1403715534.162143000 0.250868 0.141119 1.9374 0.56904 -0.089443 0.813449 0.0805879
1403715534.312143000 0.263971 -0.0970703 1.93371 0.571276 -0.103143 0.811636 0.0652027
1403715534.412143000 0.277328 -0.250948 1.92067 0.571516 -0.105425 0.811633 0.0592278
1403715534.562143000 0.292827 -0.482964 1.88317 0.572626 -0.096253 0.8127 0.0485274
1403715534.662143000 0.315523 -0.629099 1.86179 0.571973 -0.0817494 0.815253 0.0390739
1403715534.762143000 0.332769 -0.774063 1.83261 0.568303 -0.0631606 0.819991 0.0256236
1403715534.862143000 0.361957 -0.917112 1.80892 0.560446 -0.0415769 0.827118 0.00694018
1403715534.962143000 0.387563 -1.05988 1.78071 0.552866 -0.018463 0.832962 -0.0131295
1403715535.062143000 0.414446 -1.19216 1.75113 0.548014 0.00187826 0.83593 -0.0299724
1403715535.212143000 0.472795 -1.38128 1.71005 0.533314 0.025718 0.844328 -0.0450019
1403715535.312143000 0.529736 -1.48677 1.68258 0.524982 0.0372117 0.848859 -0.0494714
1403715535.462143000 0.624415 -1.65259 1.65323 0.527288 0.059019 0.846781 -0.03803
1403715535.562143000 0.717529 -1.76322 1.63063 0.541105 0.0677606 0.837664 -0.0305406
1403715535.712143000 0.845953 -1.93523 1.60478 0.560886 0.0602441 0.825139 -0.0303908
1403715535.862143000 0.977734 -2.10781 1.57446 0.567232 0.03022 0.822371 -0.0322483
1403715535.962143000 1.08494 -2.22124 1.53807 0.562664 0.00598303 0.826122 -0.0299202
1403715536.112143000 1.22391 -2.38257 1.50581 0.549619 -0.0199624 0.83495 -0.0195029
1403715536.212143000 1.32509 -2.48359 1.48733 0.542318 -0.034781 0.839294 -0.0163632
1403715536.362143000 1.49807 -2.61171 1.46418 0.540651 -0.0562715 0.839145 -0.0191347
1403715536.462143000 1.6181 -2.69117 1.45546 0.548074 -0.0721672 0.83286 -0.0274014
1403715536.612143000 1.81294 -2.78697 1.44035 0.562137 -0.0872386 0.821635 -0.0361509
1403715536.712143000 1.94049 -2.82965 1.43903 0.575145 -0.0915191 0.81205 -0.0375117
1403715536.862143000 2.12295 -2.86028 1.44034 0.602711 -0.0977495 0.791239 -0.0335422
1403715536.962143000 2.23279 -2.86398 1.4446 0.619024 -0.107169 0.776963 -0.0406558
1403715537.112143000 2.38481 -2.85113 1.45328 0.646965 -0.116591 0.751891 -0.0500171
1403715537.262143000 2.47586 -2.78071 1.47659 0.678517 -0.114596 0.724017 -0.0477621
1403715537.362143000 2.49519 -2.7105 1.49803 0.683276 -0.09738 0.723314 -0.0216174
1403715537.512143000 2.47056 -2.59061 1.52565 0.64635 -0.0684955 0.7598 0.0156039
1403715537.612143000 2.43042 -2.51146 1.54555 0.612858 -0.0552266 0.787671 0.0304899
1403715537.762143000 2.3633 -2.39615 1.58123 0.602201 -0.0419797 0.796273 0.0392532
1403715537.912143000 2.27494 -2.28718 1.62182 0.619066 -0.0360862 0.78344 0.0409482
1403715538.012143000 2.19776 -2.2197 1.63678 0.613532 -0.0352758 0.787811 0.04108
1403715538.162143000 2.07706 -2.13363 1.66378 0.599435 -0.024473 0.798862 0.0435661
1403715538.262143000 1.99232 -2.08683 1.67238 0.593003 -0.0130474 0.804183 0.0382992
1403715538.362143000 1.90992 -2.04792 1.67163 0.59431 0.000944054 0.803728 0.0285791
1403715538.512143000 1.77748 -2.00451 1.65709 0.616351 0.0170571 0.787279 -0.00358231
1403715538.662143000 1.62639 -1.96953 1.6445 0.626504 0.039162 0.777506 -0.0379919
1403715538.762143000 1.52177 -1.94792 1.63471 0.61832 0.0622819 0.781337 -0.0575686
1403715538.912143000 1.34926 -1.91854 1.61777 0.59353 0.105107 0.792802 -0.0902186
1403715539.012143000 1.22276 -1.89738 1.5968 0.582641 0.138303 0.792491 -0.115586
1403715539.112143000 1.09633 -1.87703 1.56422 0.573195 0.175014 0.787975 -0.141117
1403715539.262143000 0.901058 -1.84225 1.49412 0.558814 0.230984 0.776508 -0.177226
1403715539.362143000 0.770352 -1.81673 1.4326 0.543309 0.264868 0.771618 -0.198156
1403715539.512143000 0.581943 -1.7763 1.34416 0.527198 0.303312 0.761767 -0.223105
1403715539.612143000 0.46106 -1.74988 1.30647 0.523345 0.326783 0.754565 -0.223507
1403715539.762143000 0.312462 -1.72893 1.28775 0.526841 0.346241 0.74261 -0.226023
1403715539.912143000 0.145498 -1.70213 1.29787 0.522146 0.347271 0.745436 -0.226034
1403715540.012143000 0.0359972 -1.68943 1.3224 0.512741 0.349443 0.754117 -0.215161
1403715540.162143000 -0.107393 -1.68233 1.36883 0.497311 0.358579 0.766784 -0.190119
1403715540.312143000 -0.252777 -1.71108 1.4219 0.498184 0.356312 0.768496 -0.185114
1403715540.412143000 -0.34248 -1.74846 1.45727 0.496499 0.345354 0.771941 -0.195773
1403715540.512143000 -0.394072 -1.80666 1.50028 0.485547 0.33651 0.780168 -0.205775
1403715540.662143000 -0.502407 -1.8978 1.54025 0.468331 0.337556 0.789771 -0.207326
1403715540.762143000 -0.548906 -1.9721 1.5766 0.466557 0.349859 0.788216 -0.196565
1403715540.912143000 -0.613767 -2.10716 1.61352 0.480545 0.357009 0.776531 -0.196521
1403715541.062143000 -0.640936 -2.27732 1.64509 0.491377 0.351374 0.769226 -0.208268
1403715541.212143000 -0.672413 -2.45514 1.66781 0.500088 0.353381 0.763361 -0.205701
1403715541.362143000 -0.699294 -2.65314 1.69339 0.519428 0.3569 0.748314 -0.206987
1403715541.462143000 -0.716066 -2.79007 1.69442 0.514452 0.352678 0.750766 -0.217506
1403715541.562143000 -0.736883 -2.93228 1.69925 0.498763 0.351136 0.760644 -0.222171
1403715541.712143000 -0.764354 -3.14976 1.70298 0.48149 0.345668 0.771646 -0.230745
1403715541.812143000 -0.769604 -3.30287 1.70927 0.478657 0.328619 0.77382 -0.253179
1403715541.962143000 -0.752796 -3.52628 1.72331 0.481673 0.300906 0.772842 -0.283129
1403715542.112143000 -0.704664 -3.73348 1.73222 0.492314 0.271457 0.773213 -0.293394
1403715542.262143000 -0.625812 -3.90236 1.74985 0.523052 0.241911 0.766 -0.28485
1403715542.412143000 -0.52739 -4.03019 1.77452 0.560273 0.222044 0.758367 -0.248336
1403715542.512143000 -0.454822 -4.10706 1.78069 0.587122 0.211737 0.750425 -0.217527
1403715542.662143000 -0.367746 -4.18304 1.80057 0.59361 0.198211 0.756841 -0.188496
1403715542.762143000 -0.320963 -4.22311 1.80843 0.590838 0.19189 0.763536 -0.176356
1403715542.912143000 -0.262246 -4.27262 1.80902 0.581057 0.187703 0.774874 -0.163436
1403715543.112143000 -0.205705 -4.33671 1.79595 0.583712 0.194556 0.775285 -0.142699
1403715543.212143000 -0.183623 -4.35929 1.77941 0.587499 0.196964 0.772017 -0.141563
1403715543.362143000 -0.162691 -4.39167 1.75368 0.592514 0.201401 0.767115 -0.141066
1403715543.462143000 -0.158367 -4.41205 1.73644 0.59249 0.200078 0.766357 -0.147046
1403715543.612143000 -0.162539 -4.4423 1.70953 0.596619 0.194571 0.762155 -0.159085
1403715543.762143000 -0.190858 -4.45875 1.68091 0.604176 0.185956 0.752674 -0.184046
1403715543.912143000 -0.23875 -4.45585 1.64552 0.59693 0.189434 0.747413 -0.221727
1403715544.012143000 -0.276565 -4.44337 1.61918 0.582597 0.203582 0.747588 -0.245454
1403715544.112143000 -0.317956 -4.41612 1.56549 0.565904 0.233268 0.746758 -0.260178
1403715544.262143000 -0.386049 -4.34091 1.49853 0.544011 0.299258 0.734038 -0.27511
1403715544.362143000 -0.431306 -4.28109 1.43701 0.528299 0.347642 0.71934 -0.287392
1403715544.462143000 -0.476742 -4.21507 1.3647 0.51449 0.392697 0.700541 -0.300551
1403715544.612143000 -0.0436231 -5.82155 0.367617 0.542402 0.328073 0.735526 -0.239102
1403715544.712143000 -0.112909 -5.76031 0.320681 0.538924 0.344975 0.725188 -0.254275
1403715544.862143000 -0.219609 -5.65807 0.301519 0.543311 0.351007 0.712695 -0.271428
1403715544.962143000 -0.294419 -5.57994 0.317189 0.539749 0.35282 0.713893 -0.273031
1403715545.112143000 -0.39068 -5.47031 0.349748 0.525578 0.359898 0.720398 -0.274351
1403715545.262143000 -0.505144 -5.34139 0.362846 0.512254 0.376166 0.718394 -0.282852
1403715545.412143000 -0.61761 -5.20906 0.355293 0.506339 0.40027 0.70827 -0.285935
1403715545.512143000 -0.689406 -5.11442 0.362756 0.508829 0.418775 0.699106 -0.277438
1403715545.662143000 -0.804103 -4.98623 0.370697 0.514242 0.43798 0.6877 -0.266078
1403715545.762143000 -0.889183 -4.90655 0.378151 0.515338 0.439145 0.687383 -0.262835
1403715545.862143000 -0.981363 -4.83086 0.382857 0.51513 0.430066 0.693049 -0.263377
1403715546.012143000 -1.13809 -4.72222 0.394667 0.515255 0.396237 0.712551 -0.264159
1403715546.112143000 -1.23832 -4.65068 0.40211 0.519967 0.365507 0.72809 -0.256756
1403715546.212143000 -1.33765 -4.57812 0.411955 0.528925 0.33179 0.743775 -0.23865
1403715546.312143000 -1.43188 -4.5035 0.416774 0.538685 0.295975 0.759233 -0.213969
1403715546.462143000 -1.5785 -4.39046 0.437388 0.551075 0.239503 0.780567 -0.172249
1403715546.562143000 -1.67709 -4.31539 0.452687 0.557265 0.200041 0.793027 -0.143341
1403715546.662143000 -1.7778 -4.24151 0.463677 0.557924 0.156611 0.806493 -0.117309
1403715546.762143000 -1.8746 -4.16948 0.473235 0.548454 0.112928 0.823618 -0.0899901
1403715546.862143000 -1.96588 -4.09905 0.482097 0.535734 0.0738319 0.839142 -0.0581336
1403715546.962143000 -2.04759 -4.03215 0.493413 0.530704 0.0326295 0.846329 -0.0318691
1403715547.112143000 -2.15811 -3.94189 0.51852 0.527908 -0.0354017 0.848557 -0.00340481
1403715547.262143000 -2.23719 -3.84371 0.535171 0.527384 -0.0991637 0.843389 0.0269769
1403715547.412143000 -2.2924 -3.73885 0.549698 0.520724 -0.153222 0.838009 0.0557703
1403715547.512143000 -2.3159 -3.6591 0.55693 0.509993 -0.183523 0.836927 0.0760336
1403715547.662143000 -2.31858 -3.52563 0.570807 0.497157 -0.23394 0.82887 0.105274
1403715547.812143000 -2.29504 -3.35937 0.573497 0.487081 -0.284345 0.815123 0.132189
1403715547.912143000 -2.27256 -3.23934 0.577997 0.484365 -0.313486 0.802298 0.153082
1403715548.062143000 -2.21654 -3.03745 0.593445 0.495699 -0.338528 0.77742 0.187883
1403715548.162143000 -2.17909 -2.90016 0.599229 0.510675 -0.347397 0.760014 0.202252
1403715548.312143000 -2.11245 -2.67833 0.600798 0.52748 -0.353982 0.743255 0.209842
1403715548.462143000 -2.04621 -2.44589 0.583121 0.531157 -0.353684 0.74117 0.208436
1403715548.562143000 -2.00716 -2.29196 0.561153 0.529662 -0.348604 0.744124 0.210269
1403715548.712143000 -1.95107 -2.04735 0.53301 0.527381 -0.337788 0.750073 0.212508
1403715548.862143000 -1.89955 -1.81501 0.503703 0.528098 -0.32983 0.753228 0.212066
1403715548.962143000 -1.86615 -1.66049 0.484951 0.529126 -0.326329 0.753703 0.213229
1403715549.062143000 -1.84091 -1.51074 0.464246 0.530582 -0.329539 0.749859 0.21817
1403715549.212143000 -1.79822 -1.28277 0.443835 0.541745 -0.335949 0.734215 0.233621
1403715549.312143000 -1.77466 -1.13681 0.431577 0.550481 -0.338646 0.723257 0.243289
1403715549.412143000 -1.7743 -1.00363 0.413807 0.54962 -0.335049 0.720016 0.259301
1403715549.512143000 -1.76189 -0.875737 0.402646 0.538356 -0.332581 0.72489 0.272209
1403715549.612143000 -1.75024 -0.758618 0.38966 0.52175 -0.33111 0.735003 0.279131
1403715549.762143000 -1.72572 -0.607366 0.36577 0.508863 -0.314199 0.75028 0.281811
1403715549.862143000 -1.69466 -0.515407 0.356828 0.513242 -0.29351 0.756937 0.278353
1403715550.012143000 -1.63167 -0.400453 0.345885 0.514872 -0.247058 0.774612 0.271744
1403715550.112143000 -1.57909 -0.344723 0.336705 0.516594 -0.217082 0.788632 0.253112
1403715550.262143000 -1.47272 -0.294716 0.344255 0.526644 -0.182053 0.804465 0.205763
1403715550.362143000 -1.39041 -0.286222 0.366985 0.533605 -0.158578 0.811849 0.176124
1403715550.512143000 -1.25335 -0.288267 0.416971 0.54963 -0.122243 0.816381 0.128397
1403715550.612143000 -1.15435 -0.300081 0.448662 0.555437 -0.0922319 0.820036 0.102585
1403715550.762143000 -1.00759 -0.32743 0.471353 0.560287 -0.0355889 0.823796 0.0785685
1403715550.862143000 -0.911781 -0.351852 0.474502 0.560511 0.00552237 0.825338 0.0679332
1403715551.012143000 -0.76183 -0.415098 0.4591 0.561038 0.0624106 0.824134 0.0462984
1403715551.112143000 -0.660366 -0.477533 0.4543 0.563514 0.0906777 0.820902 0.0186808
1403715551.262143000 -0.499983 -0.603045 0.480944 0.565626 0.137879 0.812907 -0.0154544
1403715551.362143000 -0.402321 -0.702908 0.504838 0.564879 0.17531 0.805729 -0.031294
1403715551.512143000 -0.266466 -0.879977 0.543269 0.565108 0.227759 0.79051 -0.0622298
1403715551.612143000 -0.185067 -1.01611 0.565322 0.565721 0.254299 0.778722 -0.0942578
1403715551.712143000 -0.119854 -1.16612 0.59372 0.569973 0.275457 0.762544 -0.13335
1403715551.862143000 -0.0351025 -1.39842 0.630451 0.576897 0.312214 0.732825 -0.180775
1403715551.962143000 0.00471757 -1.55314 0.654167 0.582703 0.336618 0.709339 -0.209723
1403715552.112143000 0.035086 -1.77005 0.677156 0.567337 0.366471 0.69019 -0.259741
1403715552.212143000 0.038086 -1.90747 0.693127 0.554288 0.387815 0.678083 -0.287346
1403715552.362143000 0.027854 -2.0997 0.716376 0.542118 0.417682 0.648235 -0.333829
1403715552.462143000 0.0101821 -2.19613 0.722061 0.528008 0.44272 0.628243 -0.361271
1403715552.612143000 -0.0360587 -2.32463 0.739034 0.51136 0.486778 0.588262 -0.394342
1403715552.712143000 -0.0766866 -2.3794 0.751477 0.498742 0.520763 0.557557 -0.41133
1403715552.812143000 -0.125607 -2.42328 0.7563 0.480428 0.556675 0.527039 -0.426064
1403715552.962143000 -0.21733 -2.45491 0.756174 0.44904 0.612968 0.479513 -0.438976
1403715553.112143000 -0.331264 -2.45213 0.751554 0.419813 0.664541 0.427746 -0.446291
1403715553.262143000 -0.482902 -2.41205 0.749586 0.389085 0.694679 0.376727 -0.473404
1403715553.362143000 -0.596054 -2.36797 0.74086 0.369274 0.703664 0.341165 -0.502096
1403715553.462143000 -0.72627 -2.31929 0.739301 0.340809 0.704658 0.310397 -0.539408
1403715553.612143000 -0.910245 -2.18814 0.715857 0.294149 0.705932 0.270846 -0.584619
1403715553.762143000 -1.0631 -2.01876 0.684294 0.248558 0.720881 0.256605 -0.593889
1403715553.912143000 -1.19198 -1.80977 0.642206 0.204263 0.749211 0.266714 -0.570809
1403715554.012143000 -1.26708 -1.66729 0.621692 0.18658 0.767528 0.273893 -0.548699
1403715554.162143000 -1.36972 -1.46088 0.588953 0.170244 0.797268 0.284424 -0.504463
1403715554.312143000 -1.48905 -1.28552 0.566646 0.156064 0.811839 0.297198 -0.477739
1403715554.412143000 -1.58309 -1.17972 0.545853 0.134678 0.802411 0.320792 -0.484862
1403715554.562143000 -1.72856 -1.05999 0.498918 0.0798058 0.737562 0.387495 -0.547249
1403715554.662143000 -1.81139 -1.02258 0.450905 0.0460643 0.691679 0.422008 -0.584267
1403715554.762143000 -1.86148 -1.00399 0.400275 0.0256797 0.66089 0.440207 -0.607275
1403715554.912143000 -1.84944 -1.06328 0.328533 0.0280205 0.637849 0.439775 -0.631634
1403715555.062143000 -1.69957 -1.2172 0.325387 0.0872392 0.665311 0.395014 -0.627468
1403715555.212143000 -1.44784 -1.42417 0.380495 0.184272 0.736828 0.32167 -0.565382
1403715555.312143000 -1.27036 -1.5545 0.405796 0.251631 0.77835 0.269323 -0.508251
1403715555.462143000 -1.05288 -1.74219 0.435471 0.28366 0.789739 0.241401 -0.487416
1403715555.562143000 -0.929716 -1.83843 0.455412 0.273851 0.78008 0.248825 -0.504546
1403715555.712143000 -0.783556 -1.95394 0.517956 0.254214 0.770553 0.268968 -0.518922
1403715555.812143000 -0.695375 -2.01208 0.570535 0.259085 0.775595 0.272011 -0.507284
1403715555.962143000 -0.584268 -2.07757 0.666865 0.271672 0.782689 0.270511 -0.490323
1403715556.062143000 -0.534797 -2.10816 0.733105 0.284843 0.790709 0.263821 -0.473331
1403715556.162143000 -0.504704 -2.12406 0.782536 0.294128 0.79147 0.258685 -0.469198
1403715556.312143000 -0.501707 -2.13276 0.855957 0.297259 0.780611 0.259405 -0.484761
1403715556.512143000 -0.556741 -2.08999 0.932797 0.275112 0.768697 0.286073 -0.501579
1403715556.612143000 -0.601367 -2.05416 0.947296 0.251348 0.762583 0.308803 -0.509835
1403715556.762143000 -0.680949 -1.99097 0.936424 0.228662 0.762952 0.332468 -0.505057
1403715556.862143000 -0.739924 -1.95411 0.92173 0.217264 0.756971 0.344184 -0.511203
1403715556.962143000 -0.798578 -1.92288 0.903224 0.208146 0.751104 0.352788 -0.517744
1403715557.062143000 -0.858171 -1.89818 0.887021 0.206692 0.758095 0.354706 -0.506708
1403715557.162143000 -0.913723 -1.87959 0.870927 0.207904 0.770964 0.353039 -0.487601
1403715557.312143000 -1.01591 -1.87399 0.852679 0.20747 0.78533 0.350398 -0.466299
1403715557.412143000 -1.09708 -1.88425 0.841939 0.20716 0.788322 0.348077 -0.463115
1403715557.562143000 -1.24147 -1.91931 0.828202 0.208396 0.774047 0.34477 -0.488423
1403715557.662143000 -1.34576 -1.95441 0.815963 0.205569 0.762028 0.344843 -0.508073
1403715557.762143000 -1.45076 -1.99603 0.802474 0.202947 0.753863 0.343465 -0.522049
1403715557.912143000 -1.60446 -2.06054 0.795541 0.205714 0.756971 0.333415 -0.522983
1403715558.012143000 -1.7045 -2.11347 0.805669 0.206521 0.759717 0.32626 -0.523197
1403715558.162143000 -1.84996 -2.19421 0.838187 0.203083 0.763678 0.321008 -0.522022
1403715558.262143000 -1.94873 -2.25463 0.866859 0.194322 0.764133 0.323856 -0.522931
1403715558.362143000 -2.04709 -2.32044 0.895496 0.184354 0.75725 0.328591 -0.533492
1403715558.512143000 -2.18722 -2.43028 0.932203 0.19608 0.741316 0.319922 -0.556465
1403715558.612143000 -2.27236 -2.50423 0.944693 0.210712 0.730513 0.30951 -0.5711
1403715558.762143000 -2.38423 -2.60485 0.9412 0.220833 0.725275 0.30594 -0.575856
1403715558.862143000 -2.44744 -2.66603 0.929773 0.222912 0.719802 0.316961 -0.575962
1403715559.012143000 -2.53425 -2.74513 0.919884 0.225459 0.705392 0.345619 -0.576314
1403715559.112143000 -2.56639 -2.79134 0.915951 0.2354 0.695626 0.36427 -0.572712
1403715559.212143000 -2.58448 -2.83283 0.91651 0.249032 0.684468 0.383175 -0.568034
1403715559.362143000 -2.5925 -2.88356 0.923557 0.265725 0.665278 0.416239 -0.559946
1403715559.462143000 -2.57948 -2.91155 0.920968 0.271306 0.658584 0.440711 -0.546291
1403715559.612143000 -2.54057 -2.95124 0.902304 0.286504 0.667169 0.46116 -0.510032
1403715559.712143000 -2.51079 -2.97898 0.886432 0.291702 0.666463 0.472606 -0.497374
1403715559.862143000 -2.45501 -3.02286 0.837679 0.297925 0.654113 0.493813 -0.489413
1403715560.012143000 -2.38287 -3.07128 0.787652 0.303073 0.6338 0.522983 -0.482631
1403715560.112143000 -2.32313 -3.10817 0.757577 0.310094 0.620339 0.541706 -0.474948
1403715560.212143000 -2.25119 -3.15106 0.736732 0.32592 0.610521 0.555347 -0.461118
1403715560.362143000 -2.13 -3.22133 0.734314 0.354548 0.59892 0.571107 -0.435233
1403715560.462143000 -2.04553 -3.27289 0.737829 0.368524 0.586978 0.584306 -0.422177
1403715560.562143000 -1.95222 -3.31887 0.744298 0.381805 0.574306 0.596567 -0.410495
1403715560.712143000 -1.81993 -3.40603 0.748739 0.399226 0.54995 0.618661 -0.394249
1403715560.812143000 -1.72931 -3.46752 0.752434 0.409329 0.529806 0.634956 -0.385469
1403715560.912143000 -1.63366 -3.52757 0.760107 0.415353 0.507159 0.653832 -0.377857
1403715561.012143000 -1.53494 -3.59214 0.763507 0.425283 0.483937 0.671385 -0.366308
1403715561.162143000 -1.37453 -3.68201 0.77251 0.445524 0.454091 0.693107 -0.338988
1403715561.262143000 -1.26429 -3.74691 0.775817 0.461179 0.441194 0.701498 -0.317116
1403715561.362143000 -1.15229 -3.80844 0.777168 0.478059 0.437488 0.703408 -0.29203
1403715561.512143000 -0.992166 -3.91452 0.779602 0.493809 0.417534 0.711856 -0.274007
1403715561.612143000 -0.889427 -3.99183 0.779413 0.499754 0.39525 0.720127 -0.274664
1403715561.712143000 -0.789289 -4.06749 0.782242 0.506844 0.370877 0.727206 -0.277003
1403715561.862143000 -0.644376 -4.17548 0.788498 0.524629 0.333986 0.734262 -0.272171
1403715562.012143000 -0.497706 -4.26445 0.801491 0.550192 0.296125 0.735906 -0.260849
1403715562.112143000 -0.406082 -4.31151 0.812136 0.567364 0.274512 0.732842 -0.256289
1403715562.262143000 -0.285349 -4.35476 0.827213 0.577308 0.250302 0.732568 -0.259631
1403715562.362143000 -0.213659 -4.36727 0.833765 0.566513 0.241111 0.742565 -0.263679
1403715562.512143000 -0.1194 -4.35049 0.832114 0.537632 0.231804 0.765875 -0.265809
1403715562.662143000 -0.00905844 -4.30141 0.840506 0.532656 0.215033 0.777238 -0.256787
1403715562.812143000 0.113601 -4.22033 0.852441 0.539732 0.227304 0.782687 -0.210766
1403715562.912143000 0.198358 -4.15787 0.859732 0.544881 0.229029 0.785467 -0.183552
1403715563.062143000 0.326786 -4.06128 0.868799 0.555224 0.21238 0.789047 -0.155005
1403715563.212143000 0.448577 -3.96306 0.875219 0.57528 0.16982 0.787833 -0.139761
1403715563.362143000 0.57912 -3.85896 0.886064 0.597492 0.114429 0.785983 -0.110184
1403715563.462143000 0.645367 -3.78428 0.88854 0.605082 0.0722982 0.788132 -0.0865837
1403715563.662143000 0.753001 -3.62525 0.867397 0.614519 -0.010662 0.787519 -0.0454574
1403715563.812143000 0.806767 -3.49331 0.822834 0.622398 -0.0636952 0.77997 -0.0144878
1403715563.962143000 0.827348 -3.34699 0.751881 0.624131 -0.101007 0.77358 0.042805
1403715564.062143000 0.826324 -3.24998 0.7003 0.614692 -0.124108 0.773992 0.0876738
1403715564.162143000 0.812053 -3.15839 0.649247 0.605555 -0.150201 0.770832 0.128689
1403715564.262143000 0.783026 -3.07378 0.592486 0.594767 -0.181601 0.766023 0.162733
1403715564.412143000 0.732192 -2.9726 0.538739 0.574274 -0.245281 0.754782 0.200876
1403715564.562143000 0.668311 -2.88621 0.513972 0.539899 -0.317186 0.744926 0.230192
1403715564.662143000 0.624246 -2.84232 0.518024 0.523504 -0.362553 0.729436 0.249842
1403715564.762143000 0.581709 -2.78805 0.531714 0.511244 -0.405568 0.70882 0.267803
1403715564.912143000 0.512884 -2.72493 0.584523 0.497883 -0.46107 0.67143 0.297841
1403715565.012143000 0.469846 -2.68195 0.639723 0.490843 -0.492388 0.643862 0.319482
1403715565.162143000 0.384105 -2.62211 0.734724 0.467368 -0.534762 0.606957 0.356651
1403715565.262143000 0.320295 -2.58629 0.789301 0.446159 -0.55872 0.584952 0.38289
1403715565.362143000 0.255561 -2.55174 0.832808 -0.431177 0.576158 -0.559795 -0.410803
1403715565.512143000 0.158513 -2.49958 0.887199 -0.409031 0.598791 -0.519785 -0.451627
1403715565.612143000 0.0954536 -2.48135 0.907566 -0.391563 0.61819 -0.489981 -0.47375
1403715565.712143000 0.0339134 -2.47444 0.932723 -0.368219 0.640456 -0.45834 -0.494121
1403715565.812143000 -0.0158959 -2.47819 0.973238 -0.339694 0.668293 -0.42337 -0.508676
1403715565.912143000 -0.0680358 -2.49572 1.00546 -0.305731 0.696203 -0.383935 -0.523856
1403715566.062143000 -0.145087 -2.53963 1.05908 -0.254684 0.730611 -0.316169 -0.548982
1403715566.162143000 -0.184198 -2.57556 1.09156 -0.222051 0.749813 -0.269076 -0.562203
1403715566.312143000 -0.233387 -2.65727 1.13211 -0.172393 0.771144 -0.199826 -0.579386
1403715566.412143000 -0.253358 -2.70727 1.15825 -0.140382 0.782361 -0.153592 -0.587038
1403715566.512143000 -0.263248 -2.77781 1.16947 -0.109751 0.787675 -0.109282 -0.596305
1403715566.612143000 -0.269898 -2.83626 1.1727 -0.0798892 0.790161 -0.0683211 -0.603818
1403715566.762143000 -0.264049 -2.93172 1.15984 -0.0363404 0.791933 -0.0028344 -0.609519
1403715566.912143000 -0.240479 -3.04143 1.13611 0.0186626 0.789434 0.0656009 -0.610035
1403715567.062143000 -0.188365 -3.1512 1.12438 0.0812115 0.782491 0.139927 -0.601277
1403715567.162143000 -0.140384 -3.22217 1.1195 0.128943 0.774628 0.190461 -0.58911
1403715567.262143000 -0.0844445 -3.2901 1.1113 0.172359 0.764619 0.245516 -0.570414
1403715567.362143000 -0.0297544 -3.35591 1.10372 0.210429 0.749264 0.304829 -0.549001
1403715567.512143000 0.0649009 -3.44538 1.07189 0.257282 0.716034 0.394536 -0.515211
1403715567.612143000 0.133142 -3.50879 1.03597 0.288233 0.688313 0.445643 -0.494519
1403715567.712143000 0.200598 -3.56513 0.98861 0.321007 0.655387 0.49074 -0.476021
1403715567.862143000 0.30912 -3.64814 0.920216 0.372536 0.598234 0.549046 -0.449313
1403715567.962143000 0.416738 -3.68183 0.895015 0.399797 0.55825 0.587431 -0.428303
1403715568.062143000 0.494295 -3.72539 0.851383 0.426888 0.516031 0.619577 -0.409392
1403715568.212143000 0.614052 -3.77637 0.797451 0.467059 0.452596 0.659782 -0.376432
1403715568.312143000 0.699787 -3.7986 0.760037 0.490671 0.414302 0.683346 -0.347324
1403715568.462143000 0.822189 -3.81001 0.713303 0.52029 0.355239 0.714697 -0.30383
1403715568.612143000 0.943921 -3.80728 0.674647 0.543037 0.293299 0.742271 -0.260999
1403715568.862143000 1.11979 -3.75073 0.647559 0.567164 0.188854 0.780356 -0.183585
1403715569.012143000 1.22095 -3.69607 0.629974 0.569309 0.133781 0.799362 -0.137878
1403715569.112143000 1.28338 -3.65344 0.618043 0.569688 0.0990475 0.808388 -0.110246
1403715569.262143000 1.36607 -3.57933 0.604831 0.574825 0.055255 0.813636 -0.0672228
1403715569.362143000 1.42568 -3.52959 0.59806 0.588883 0.0298088 0.806319 -0.0466719
1403715569.462143000 1.48067 -3.47788 0.592969 0.600977 0.00665883 0.798692 -0.0295518
1403715569.612143000 1.54455 -3.394 0.587018 0.607011 -0.0334608 0.793922 -0.0102473
1403715569.712143000 1.57737 -3.33269 0.581963 0.603161 -0.0609798 0.795263 0.00588508
1403715569.862143000 1.60704 -3.23315 0.579156 0.595489 -0.103855 0.795445 0.0433
1403715569.962143000 1.61835 -3.16198 0.576965 0.596979 -0.136549 0.787579 0.0684861
1403715570.062143000 1.6191 -3.08959 0.577493 0.596335 -0.169745 0.778808 0.0950271
1403715570.212143000 1.59897 -2.97615 0.570782 0.591578 -0.221529 0.763309 0.135352
1403715570.362143000 1.55958 -2.86971 0.566311 0.583643 -0.275587 0.742686 0.178411
1403715570.512143000 1.49676 -2.77037 0.556334 0.572859 -0.330363 0.71555 0.225126
1403715570.612143000 1.44738 -2.71915 0.544673 0.562982 -0.369543 0.694011 0.254632
1403715570.762143000 1.34369 -2.64763 0.524939 0.53143 -0.428535 0.668478 0.295088
1403715570.862143000 1.28295 -2.60005 0.509027 0.509849 -0.467306 0.646815 0.321419
1403715570.962143000 1.19959 -2.56572 0.494255 0.486658 -0.503034 0.625401 0.344956
1403715571.112143000 1.06428 -2.51378 0.475823 0.454395 -0.539562 0.60148 0.374993
1403715571.212143000 0.977618 -2.48692 0.463173 0.445202 -0.547832 0.5875 0.395626
1403715571.312143000 0.899932 -2.46472 0.453333 0.449364 -0.550557 0.571255 0.410643
1403715571.512143000 0.73285 -2.44569 0.431907 0.442796 -0.559648 0.567085 0.411267
1403715571.612143000 0.648438 -2.44774 0.41925 0.418969 -0.561933 0.583343 0.410374
1403715571.712143000 0.565822 -2.4517 0.398143 0.381091 -0.556123 0.609446 0.417219
1403715571.862143000 0.467707 -2.44781 0.356515 0.321949 -0.550142 0.648179 0.416602
1403715572.012143000 0.413757 -2.42197 0.305242 0.28662 -0.555029 0.671792 0.398105
1403715572.112143000 0.414079 -2.37947 0.274141 0.286904 -0.5714 0.671571 0.374408
1403715572.312143000 0.459474 -2.22898 0.212056 -0.359562 0.615028 -0.607195 -0.351809
1403715572.412143000 0.482506 -2.12414 0.185726 -0.400365 0.626234 -0.559099 -0.367352
1403715572.562143000 0.495479 -1.96999 0.135214 -0.418974 0.63585 -0.508918 -0.401445
1403715572.662143000 0.488289 -1.86935 0.108511 -0.412872 0.646441 -0.484799 -0.420262
1403715572.812143000 0.456302 -1.73438 0.0738376 -0.387597 0.670991 -0.455195 -0.438563
1403715572.912143000 0.425167 -1.65368 0.0686445 -0.363408 0.683907 -0.439489 -0.455033
1403715573.012143000 0.38238 -1.57972 0.0745221 -0.343525 0.694064 -0.419478 -0.473607
1403715573.162143000 0.313501 -1.47891 0.110331 -0.309039 0.709289 -0.389395 -0.499775
1403715573.262143000 0.263227 -1.42138 0.136434 -0.285846 0.72134 -0.36804 -0.512354
1403715573.362143000 0.213799 -1.36795 0.16018 -0.260415 0.734692 -0.347032 -0.521518
1403715573.512143000 0.143987 -1.29359 0.191613 -0.215432 0.752025 -0.319499 -0.53476
1403715573.662143000 0.0752191 -1.21753 0.222471 -0.182862 0.769884 -0.284516 -0.541194
1403715573.762143000 0.0363264 -1.16249 0.239989 -0.171801 0.786537 -0.253386 -0.536321
1403715573.862143000 -0.00371284 -1.10594 0.257083 -0.159812 0.803717 -0.220318 -0.529111
1403715574.012143000 -0.0851666 -1.01118 0.292317 -0.126939 0.824476 -0.172889 -0.523675
1403715574.112143000 -0.142121 -0.953429 0.312946 -0.0994288 0.835127 -0.138749 -0.522901
1403715574.212143000 -0.213586 -0.896539 0.339313 -0.0745017 0.838477 -0.101278 -0.530235
1403715574.312143000 -0.288718 -0.834573 0.363331 -0.0612381 0.83315 -0.0564102 -0.546743
1403715574.462143000 -0.405494 -0.747457 0.389496 -0.0594881 0.823955 0.00677867 -0.563483
1403715574.562143000 -0.48908 -0.698066 0.404977 -0.0579614 0.8213 0.0336 -0.566549
1403715574.712143000 -0.617116 -0.642223 0.421368 -0.0492742 0.823628 0.0625457 -0.561513
1403715574.912143000 -0.790269 -0.623798 0.442165 -0.00942407 0.826886 0.0667838 -0.558311
1403715575.062143000 -0.927214 -0.634789 0.467944 0.0072053 0.81843 0.0616577 -0.571244
1403715575.162143000 -1.01848 -0.646613 0.48747 0.00718726 0.807291 0.0602614 -0.587025
1403715575.312143000 -1.14947 -0.662921 0.521401 -0.00325099 0.788803 0.0592505 -0.611775
1403715575.412143000 -1.21966 -0.685714 0.53635 -0.00670868 0.797462 0.0527067 -0.601025
1403715575.512143000 -1.28128 -0.71026 0.553217 -0.0159612 0.805448 0.0491342 -0.59041
1403715575.612143000 -1.3391 -0.743567 0.57289 -0.0379706 0.801611 0.0548327 -0.594114
1403715575.712143000 -1.39225 -0.792085 0.596297 -0.0590505 0.796175 0.0604362 -0.599137
1403715575.862143000 -1.45586 -0.889818 0.628326 -0.0704402 0.797502 0.0579152 -0.596385
1403715576.012143000 -1.52195 -1.0292 0.655704 -0.0499927 0.803784 0.03798 -0.591599
1403715576.162143000 -1.56408 -1.19647 0.686333 -0.0297433 0.806631 0.0217126 -0.589907
1403715576.262143000 -1.58578 -1.31048 0.702394 -0.0206422 0.806826 0.0159909 -0.590212
1403715576.362143000 -1.61909 -1.42695 0.722161 -0.0192166 0.800998 0.016384 -0.598135
1403715576.512143000 -1.63922 -1.6054 0.755765 -0.0174867 0.782931 0.017713 -0.621611
1403715576.612143000 -1.64224 -1.7262 0.784931 -0.0215161 0.771838 0.0169659 -0.635228
1403715576.712143000 -1.62806 -1.84956 0.808143 -0.0289571 0.770155 0.014031 -0.637044
1403715576.862143000 -1.58758 -2.04111 0.84236 -0.0386965 0.784214 0.000819906 -0.619282
1403715577.012143000 -1.5148 -2.23889 0.878009 -0.0439338 0.799514 -0.0162128 -0.59882
1403715577.112143000 -1.46005 -2.36389 0.902259 -0.0378956 0.803431 -0.0361724 -0.593089
1403715577.212143000 -1.4026 -2.49702 0.922913 -0.0341508 0.804772 -0.0563909 -0.589911
1403715577.312143000 -1.34343 -2.62648 0.924272 -0.0367251 0.804194 -0.0682837 -0.589289
1403715577.412143000 -1.28214 -2.75225 0.902927 -0.0460727 0.803599 -0.0708947 -0.589135
1403715577.562143000 -1.18733 -2.93622 0.85887 -0.0549527 0.803397 -0.0722828 -0.58848
1403715577.662143000 -1.11812 -3.05682 0.843083 -0.0562448 0.803855 -0.0741811 -0.587495
1403715577.762143000 -1.04349 -3.16984 0.835714 -0.0501182 0.804592 -0.0787178 -0.58645
1403715577.862143000 -0.970223 -3.28341 0.836945 -0.0426653 0.803783 -0.0900939 -0.586511
1403715577.962143000 -0.898599 -3.37882 0.821408 -0.0388892 0.803253 -0.106183 -0.584805
1403715578.062143000 -0.820769 -3.47529 0.793389 -0.036162 0.804889 -0.129541 -0.577984
1403715578.212143000 -0.699287 -3.59574 0.724968 -0.0257015 0.811345 -0.181307 -0.555146
1403715578.312143000 -0.621328 -3.65156 0.677103 -0.0453594 0.80771 -0.206995 -0.550181
1403715578.462143000 -0.514063 -3.68683 0.609406 -0.0907851 0.800676 -0.238599 -0.541984
1403715578.562143000 -0.436388 -3.69951 0.558174 -0.124974 0.805851 -0.254432 -0.519856
1403715578.712143000 -0.332105 -3.70026 0.477554 -0.15595 0.826668 -0.273966 -0.466093
1403715578.812143000 -0.283053 -3.68826 0.429794 -0.16419 0.833204 -0.285559 -0.44415
1403715578.912143000 -0.258118 -3.66009 0.387089 -0.173475 0.831598 -0.290651 -0.44031
1403715579.012143000 -0.256204 -3.62229 0.349863 -0.196822 0.822632 -0.280122 -0.453949
1403715579.162143000 -0.301553 -3.5628 0.31012 -0.248112 0.807404 -0.245951 -0.475444
1403715579.262143000 -0.353476 -3.53549 0.297165 -0.27752 0.794177 -0.22401 -0.492022
1403715579.412143000 -0.463771 -3.51298 0.285448 -0.285198 0.78685 -0.21997 -0.501141
1403715579.512143000 -0.552948 -3.52409 0.278107 -0.274408 0.788701 -0.229356 -0.500047
1403715579.662143000 -0.713691 -3.56116 0.266455 -0.252739 0.788582 -0.243704 -0.504846
1403715579.762143000 -0.837999 -3.59786 0.273899 -0.243984 0.783379 -0.246785 -0.515642
1403715579.912143000 -1.0335 -3.66497 0.28993 -0.247185 0.77881 -0.242537 -0.523001
1403715580.062143000 -1.2456 -3.74607 0.323747 -0.243904 0.768233 -0.264745 -0.529375
1403715580.162143000 -1.38769 -3.80681 0.328549 -0.247933 0.758383 -0.287553 -0.52981
1403715580.262143000 -1.52927 -3.87498 0.326145 -0.256272 0.747385 -0.313223 -0.526908
1403715580.362143000 -1.67046 -3.94316 0.31788 -0.262104 0.732761 -0.343889 -0.525455
1403715580.512143000 -1.87087 -4.04954 0.312908 -0.268137 0.709595 -0.391713 -0.520709
1403715580.612143000 -1.99901 -4.12129 0.309413 -0.264922 0.698341 -0.41891 -0.516382
1403715580.762143000 -2.16923 -4.22866 0.307421 -0.248842 0.68555 -0.455117 -0.51085
1403715580.862143000 -2.27087 -4.28581 0.307172 -0.233179 0.676968 -0.476152 -0.510511
1403715580.962143000 -2.35037 -4.33591 0.303708 -0.210978 0.66957 -0.496556 -0.510486
1403715581.062143000 -2.414 -4.36389 0.30547 -0.205808 0.674334 -0.50316 -0.499748
1403715581.212143000 -2.47111 -4.3693 0.306324 -0.221973 0.686984 -0.496833 -0.481599
1403715581.362143000 -2.50353 -4.33124 0.318306 -0.237149 0.687937 -0.48215 -0.487888
1403715581.512143000 -2.51328 -4.27036 0.324335 -0.249744 0.702683 -0.447321 -0.493728
1403715581.612143000 -2.5134 -4.22809 0.3129 -0.263856 0.718637 -0.409495 -0.496241
1403715581.712143000 -2.51342 -4.17274 0.295702 -0.269156 0.735979 -0.370759 -0.498425
1403715581.812143000 -2.51675 -4.11806 0.274647 -0.270549 0.754165 -0.328415 -0.500181
1403715581.962143000 -2.53701 -4.04754 0.259806 -0.247586 0.773006 -0.280832 -0.512148
1403715582.112143000 -2.57731 -3.99203 0.274314 -0.217083 0.768871 -0.24577 -0.548917
1403715582.212143000 -2.60186 -3.96153 0.286652 -0.203264 0.763523 -0.226439 -0.569598
1403715582.412143000 -2.6352 -3.92284 0.270972 -0.186959 0.780128 -0.209983 -0.558886
1403715582.562143000 -2.66211 -3.90189 0.25551 -0.179914 0.796192 -0.210699 -0.53788
1403715582.662143000 -2.68631 -3.89164 0.260898 -0.178563 0.802091 -0.214314 -0.528048
1403715582.762143000 -2.72244 -3.88228 0.279199 -0.178888 0.805632 -0.220625 -0.519885
1403715582.912143000 -2.77945 -3.86935 0.277437 -0.179587 0.812918 -0.232217 -0.502979
1403715583.062143000 -2.8579 -3.85444 0.24798 -0.180007 0.819225 -0.243089 -0.487212
1403715583.162143000 -2.92813 -3.83904 0.222626 -0.184146 0.810942 -0.247093 -0.497403
1403715583.262143000 -3.01474 -3.81947 0.205605 -0.18927 0.791305 -0.249467 -0.525147
1403715583.362143000 -3.09888 -3.80052 0.182929 -0.190648 0.768692 -0.251406 -0.556383
1403715583.512143000 -3.21732 -3.77954 0.14918 -0.191545 0.739534 -0.250117 -0.594845
1403715583.612143000 -3.28201 -3.76992 0.125618 -0.195744 0.717011 -0.244195 -0.622855
1403715583.762143000 -3.34416 -3.76743 0.0982707 -0.211517 0.676354 -0.225929 -0.668402
1403715583.862143000 -3.34729 -3.79145 0.08045 0.216921 -0.657678 0.216883 0.688016
1403715584.012143000 -3.27646 -3.87243 0.0850927 0.201854 -0.659083 0.223375 0.689179
1403715584.162143000 -3.1182 -3.99765 0.128812 -0.172311 0.690475 -0.244461 -0.658629
1403715584.262143000 -2.97281 -4.09672 0.17376 -0.151357 0.724226 -0.25958 -0.62065
1403715584.412143000 -2.72556 -4.23522 0.232243 -0.131601 0.767213 -0.27139 -0.566051
1403715584.512143000 -2.55463 -4.31573 0.2488 -0.129338 0.78293 -0.271803 -0.54444
1403715584.662143000 -2.30101 -4.41612 0.266971 -0.135483 0.796539 -0.267033 -0.525227
1403715584.762143000 -2.13846 -4.466 0.279397 -0.1517 0.806466 -0.255504 -0.511193
1403715584.912143000 -1.90996 -4.52377 0.303388 -0.168731 0.814786 -0.246626 -0.49682
1403715585.062143000 -1.71669 -4.57166 0.325874 -0.177766 0.830349 -0.242849 -0.468983
1403715585.162143000 -1.61105 -4.60591 0.332752 -0.173867 0.837775 -0.248958 -0.453787
1403715585.312143000 -1.49948 -4.63104 0.362545 -0.172908 0.834804 -0.250555 -0.458724
1403715585.412143000 -1.45398 -4.63654 0.385086 -0.179427 0.826475 -0.244016 -0.474554
1403715585.462143000 -1.44252 -4.63574 0.391563 -0.181573 0.82285 -0.241217 -0.481418
1403715585.662143000 -1.41341 -4.63551 0.430186 -0.192469 0.80866 -0.227599 -0.507172
1403715585.812143000 -1.41839 -4.63682 0.436378 -0.189033 0.807635 -0.227661 -0.510061
1403715585.912143000 -1.4313 -4.6392 0.415301 -0.175016 0.80642 -0.237166 -0.512649
1403715586.012143000 -1.44799 -4.6394 0.378438 -0.152063 0.801396 -0.254428 -0.519527
1403715586.162143000 -1.48542 -4.62331 0.353483 -0.139562 0.779236 -0.267072 -0.549532
1403715586.262143000 -1.50541 -4.60073 0.349377 -0.157218 0.768886 -0.255987 -0.564418
1403715586.362143000 -1.52075 -4.57588 0.354678 -0.183454 0.765117 -0.238244 -0.569369
1403715586.512143000 -1.53347 -4.5473 0.349685 -0.209124 0.757482 -0.218696 -0.578498
1403715586.612143000 -1.53713 -4.54114 0.347641 -0.212604 0.754239 -0.215644 -0.582599
1403715586.712143000 -1.54802 -4.54968 0.349116 -0.209255 0.757042 -0.219771 -0.57862
1403715586.862143000 -1.53694 -4.57632 0.346919 -0.187039 0.771474 -0.238427 -0.559462
1403715587.012143000 -1.52366 -4.60646 0.351404 -0.175726 0.782868 -0.250297 -0.541839
1403715587.162143000 -1.51237 -4.6333 0.360719 -0.17968 0.780281 -0.250161 -0.544331
1403715587.262143000 -1.50474 -4.65076 0.380696 -0.187992 0.77433 -0.242321 -0.553491
1403715587.412143000 -1.49517 -4.6828 0.403923 -0.180478 0.767998 -0.240301 -0.565563
1403715587.562143000 -1.47694 -4.71832 0.429912 -0.160717 0.764412 -0.256227 -0.569379
1403715587.662143000 -1.45696 -4.73673 0.447912 -0.152055 0.761394 -0.276464 -0.566328
1403715587.812143000 -1.41156 -4.74989 0.474799 -0.159906 0.75533 -0.311761 -0.553816
1403715587.912143000 -1.3717 -4.74496 0.493993 -0.181921 0.744899 -0.33631 -0.546742
1403715588.012143000 -1.32598 -4.72657 0.515871 -0.216204 0.729219 -0.35759 -0.541872
1403715588.112143000 -1.27096 -4.70857 0.534072 -0.252317 0.709972 -0.37818 -0.537825
1403715588.262143000 -1.17686 -4.68835 0.527125 -0.299603 0.677917 -0.412438 -0.529681
1403715588.412143000 -1.07674 -4.67234 0.474125 -0.332272 0.648226 -0.451582 -0.515239
1403715588.512143000 -0.997421 -4.67686 0.441884 -0.350731 0.631529 -0.475819 -0.501751
1403715588.662143000 -0.867848 -4.69807 0.392848 -0.369331 0.610611 -0.513838 -0.47615
1403715588.762143000 -0.773413 -4.71611 0.349611 -0.37698 0.602315 -0.539736 -0.451429
1403715588.912143000 -0.629833 -4.7546 0.294008 -0.383126 0.598466 -0.579882 -0.398486
1403715589.012143000 -0.537837 -4.7747 0.241532 0.384926 -0.594283 0.60587 0.36274
1403715589.162143000 -0.400994 -4.78064 0.201392 0.390088 -0.577905 0.637709 0.32739
1403715589.262143000 -0.310481 -4.77128 0.183263 0.396837 -0.564462 0.652734 0.312798
1403715589.412143000 -0.18305 -4.71007 0.185151 0.398269 -0.54588 0.678208 0.288844
1403715589.562143000 -0.0567175 -4.60824 0.20414 0.398947 -0.528422 0.700311 0.266789
1403715589.662143000 0.0298921 -4.51222 0.226382 0.400976 -0.520457 0.708244 0.258327
1403715589.812143000 0.157946 -4.31368 0.287594 0.433179 -0.504919 0.695438 0.271624
1403715589.962143000 0.288294 -4.08268 0.378222 0.472665 -0.483973 0.670848 0.303843
1403715590.112143000 0.419076 -3.83152 0.449713 0.486182 -0.477462 0.659262 0.317854
1403715590.212143000 0.494252 -3.678 0.492514 0.484445 -0.483234 0.657469 0.31549
1403715590.312143000 0.56971 -3.53536 0.533209 0.481304 -0.496911 0.651135 0.312169
1403715590.462143000 0.656256 -3.30775 0.588638 0.480182 -0.529795 0.626956 0.309304
1403715590.562143000 0.696086 -3.15447 0.624756 0.475501 -0.555706 0.605472 0.313836
1403715590.662143000 0.717826 -3.00371 0.661606 0.459512 -0.580998 0.587997 0.324885
1403715590.762143000 0.725635 -2.85373 0.69947 -0.431766 0.59907 -0.576676 -0.349483
1403715590.912143000 0.713894 -2.61917 0.759756 -0.402165 0.621341 -0.545105 -0.393776
1403715591.012143000 0.700132 -2.46444 0.796481 -0.383649 0.642636 -0.517019 -0.415359
1403715591.112143000 0.681171 -2.31294 0.829212 -0.362428 0.667556 -0.487096 -0.43099
1403715591.262143000 0.642396 -2.10478 0.884734 -0.337824 0.709677 -0.430246 -0.443985
1403715591.362143000 0.606312 -1.95878 0.909293 -0.321773 0.734148 -0.389507 -0.453623
1403715591.462143000 0.555243 -1.82853 0.935944 -0.3032 0.754043 -0.350984 -0.465079
1403715591.562143000 0.496789 -1.69397 0.953245 -0.278344 0.771556 -0.317019 -0.476157
1403715591.712143000 0.386656 -1.5075 0.962709 -0.240491 0.789803 -0.26936 -0.495804
1403715591.812143000 0.304062 -1.38508 0.951477 -0.223107 0.798287 -0.235653 -0.507374
1403715591.912143000 0.213751 -1.26974 0.927757 -0.206587 0.806082 -0.203426 -0.515919
1403715592.062143000 0.0617157 -1.11645 0.87856 -0.191247 0.81778 -0.146715 -0.522624
1403715592.162143000 -0.0484321 -1.02798 0.834195 -0.178624 0.82088 -0.107468 -0.531695
1403715592.312143000 -0.238012 -0.923243 0.802118 -0.152951 0.817216 -0.0473165 -0.553647
1403715592.412143000 -0.364894 -0.884286 0.790424 -0.134814 0.816584 -0.00750856 -0.561212
1403715592.512143000 -0.498054 -0.857421 0.78762 -0.115712 0.815983 0.0320301 -0.56547
1403715592.712143000 -0.751064 -0.889689 0.782911 -0.080074 0.806971 0.111804 -0.574356
1403715592.912143000 -0.98449 -1.02252 0.784978 0.00524587 0.807032 0.158044 -0.568941
1403715593.012143000 -1.09529 -1.11441 0.787811 0.060583 0.806641 0.17176 -0.562279
1403715593.112143000 -1.222 -1.20497 0.78363 0.108475 0.799984 0.193724 -0.557432
1403715593.262143000 -1.37927 -1.3514 0.782431 0.155424 0.782243 0.241757 -0.552714
1403715593.362143000 -1.49104 -1.44116 0.782602 0.169239 0.767626 0.28149 -0.550338
1403715593.462143000 -1.59078 -1.5371 0.779277 0.175422 0.750676 0.323958 -0.54842
1403715593.612143000 -1.72617 -1.68807 0.774819 0.196338 0.722418 0.376956 -0.545406
1403715593.812143000 -1.86486 -1.90545 0.776722 0.247821 0.675676 0.427643 -0.546962
1403715593.912143000 -1.91284 -2.01464 0.774766 0.269063 0.654738 0.458018 -0.53772
1403715594.062143000 -1.95794 -2.18923 0.759174 0.298456 0.629424 0.506226 -0.508414
1403715594.212143000 -1.97087 -2.34741 0.754828 0.327857 0.605913 0.546765 -0.475845
1403715594.362143000 -1.96924 -2.51363 0.751582 0.353715 0.574911 0.582967 -0.452231
1403715594.512143000 -1.93876 -2.67066 0.75158 0.373006 0.533113 0.622105 -0.43548
1403715594.612143000 -1.90527 -2.77644 0.756251 0.385493 0.501852 0.649931 -0.420868
1403715594.762143000 -1.8254 -2.92621 0.753128 0.400143 0.46877 0.69132 -0.377117
1403715594.862143000 -1.75381 -3.02622 0.751129 0.415939 0.452357 0.712913 -0.33782
1403715594.962143000 -1.67332 -3.13107 0.748572 0.430006 0.430802 0.732995 -0.303681
1403715595.112143000 -1.5469 -3.30709 0.740473 0.450779 0.388637 0.759053 -0.263815
1403715595.212143000 -1.44565 -3.42975 0.738063 0.471313 0.360222 0.768975 -0.238288
1403715595.362143000 -1.28875 -3.6225 0.736706 0.502389 0.309327 0.780879 -0.205305
1403715595.462143000 -1.17668 -3.75682 0.728691 0.523173 0.273809 0.786022 -0.182999
1403715595.562143000 -1.06507 -3.89299 0.720384 0.541605 0.230868 0.790648 -0.168048
1403715595.712143000 -0.903925 -4.08881 0.705125 0.57046 0.145867 0.789824 -0.171683
1403715595.862143000 -0.756547 -4.26086 0.693191 0.602555 0.0627554 0.775844 -0.176227
1403715595.962143000 -0.66193 -4.34264 0.693858 0.629754 0.0211361 0.757239 -0.171907
1403715596.112143000 -0.559891 -4.40024 0.707111 0.678632 -0.0059406 0.721424 -0.13773
1403715596.212143000 -0.527985 -4.40821 0.73044 0.683581 -0.0143417 0.719976 -0.118933
1403715596.312143000 -0.528095 -4.39295 0.755352 0.650093 -0.0176118 0.75242 -0.104564
1403715596.462143000 -0.569371 -4.32488 0.796939 0.577419 -0.0177983 0.813099 -0.0717015
1403715596.562143000 -0.597381 -4.26648 0.829578 0.538509 -0.0212879 0.841011 -0.0474898
1403715596.662143000 -0.616465 -4.1993 0.862152 0.507309 -0.0300465 0.860846 -0.026055
1403715596.762143000 -0.621761 -4.11913 0.905776 0.486391 -0.0439731 0.872585 -0.00923298
1403715597.012143000 -0.526433 -3.92154 0.980071 0.44689 -0.0746367 0.891121 0.0249499
1403715597.162143000 -0.38285 -3.7937 1.0208 0.457413 -0.0832415 0.884601 0.0364102
1403715597.262143000 -0.259607 -3.69734 1.05083 0.486757 -0.083945 0.867953 0.0517637
1403715597.412143000 -0.0382247 -3.56493 1.09111 0.531842 -0.0893749 0.838128 0.0818368
1403715597.512143000 0.119192 -3.48092 1.11664 0.560924 -0.10434 0.815552 0.0967109
1403715597.662143000 0.341087 -3.36506 1.14095 0.577208 -0.139301 0.796042 0.117231
1403715597.762143000 0.487157 -3.29556 1.15403 0.573083 -0.16429 0.792526 0.128402
1403715597.912143000 0.703043 -3.20078 1.17133 0.572534 -0.188658 0.784991 0.142834
1403715598.062143000 0.921383 -3.12579 1.18601 0.583196 -0.200698 0.772506 0.15112
1403715598.162143000 1.05205 -3.07686 1.19173 0.589388 -0.207196 0.766503 0.148883
1403715598.312143000 1.23639 -3.0072 1.18234 0.610299 -0.20394 0.749744 0.154361
1403715598.412143000 1.34337 -2.96892 1.16667 0.630971 -0.195449 0.732843 0.163145
1403715598.512143000 1.43157 -2.94148 1.15185 0.649069 -0.184921 0.717255 0.173379
1403715598.612143000 1.49549 -2.92886 1.13078 0.656349 -0.178597 0.711283 0.17716
1403715598.812143000 1.55755 -2.94681 1.08313 0.618951 -0.189172 0.746156 0.156091
1403715598.912143000 1.56184 -2.96721 1.05258 0.598876 -0.195729 0.762854 0.145229
1403715599.012143000 1.55952 -2.99147 1.01977 0.58757 -0.200192 0.771822 0.137752
1403715599.112143000 1.5444 -3.01559 0.981195 0.585589 -0.201797 0.773555 0.134078
1403715599.212143000 1.53021 -3.04091 0.943273 0.580607 -0.200186 0.777261 0.136695
1403715599.362143000 1.49902 -3.08044 0.87992 0.566354 -0.191803 0.787651 0.148531
1403715599.412143000 1.48259 -3.09106 0.860461 0.563479 -0.186591 0.789702 0.155067
1403715599.712143000 1.42791 -3.21342 0.730295 0.56797 -0.165891 0.785144 0.182865
1403715599.812143000 1.41369 -3.27414 0.689676 0.577538 -0.168686 0.778904 0.176927
1403715599.912143000 1.3962 -3.34809 0.646494 0.580476 -0.180179 0.777883 0.15963
1403715600.062143000 1.36396 -3.46484 0.579056 0.572146 -0.198498 0.784477 0.133576
1403715600.212143000 1.32362 -3.57644 0.510795 0.572571 -0.238561 0.777304 0.105118
1403715600.312143000 1.28981 -3.63787 0.466158 0.570792 -0.269079 0.769209 0.100551
1403715600.462143000 1.2184 -3.70398 0.4011 0.556949 -0.312412 0.7598 0.122107
1403715600.562143000 1.158 -3.73065 0.361712 0.531201 -0.332981 0.76307 0.157081
1403715600.662143000 1.09667 -3.74493 0.328057 0.508236 -0.356056 0.760724 0.190316
1403715600.812143000 1.0141 -3.74122 0.297568 0.490404 -0.397842 0.740428 0.230201
1403715600.962143000 0.937 -3.71934 0.298763 0.48213 -0.43837 0.712383 0.260562
1403715601.112143000 0.868787 -3.67655 0.330702 0.479104 -0.464315 0.689665 0.281483
1403715601.262143000 0.800619 -3.62112 0.385542 0.482394 -0.479279 0.674954 0.286401
1403715601.362143000 0.752146 -3.57761 0.429444 0.485744 -0.487109 0.667353 0.285336
1403715601.512143000 0.679305 -3.49703 0.490071 0.483265 -0.489014 0.665095 0.291494
1403715601.612143000 0.619713 -3.44181 0.526844 0.481721 -0.486424 0.666012 0.296251
1403715601.712143000 0.557275 -3.38223 0.560965 0.480474 -0.482599 0.667388 0.301391
1403715601.862143000 0.46344 -3.28453 0.605668 0.487615 -0.475597 0.663696 0.309106
1403715602.012143000 0.363888 -3.18803 0.652603 0.511646 -0.453346 0.658407 0.314955
1403715602.112143000 0.294572 -3.1283 0.68103 0.53214 -0.431989 0.654958 0.318186
1403715602.262143000 0.184214 -3.06298 0.715761 0.542665 -0.400678 0.669447 0.311147
1403715602.362143000 0.10479 -3.03112 0.730078 0.539744 -0.38654 0.68841 0.292157
1403715602.462143000 0.0218038 -3.00872 0.741916 0.531296 -0.374015 0.711376 0.267921
1403715602.612143000 -0.103872 -2.98579 0.764706 0.528939 -0.352299 0.735638 0.234406
1403715602.762143000 -0.231203 -2.96677 0.760824 0.540106 -0.326894 0.749096 0.200704
1403715602.912143000 -0.368394 -2.95042 0.720702 0.544863 -0.295727 0.764823 0.17526
1403715603.062143000 -0.498532 -2.91871 0.659565 0.549534 -0.265548 0.77744 0.151933
1403715603.162143000 -0.586425 -2.8939 0.614142 0.554401 -0.243785 0.783853 0.13705
1403715603.312143000 -0.718698 -2.85031 0.546154 0.551398 -0.216103 0.797584 0.114544
1403715603.462143000 -0.857459 -2.7986 0.479613 0.549378 -0.193029 0.80604 0.105937
1403715603.612143000 -0.979182 -2.73306 0.432126 0.548544 -0.169555 0.810602 0.115219
1403715603.762143000 -1.08844 -2.66139 0.390516 0.548467 -0.145775 0.812705 0.132075
1403715603.912143000 -1.18384 -2.6098 0.368456 0.537917 -0.133861 0.81983 0.143546
1403715604.062143000 -1.24951 -2.57853 0.366547 0.517857 -0.142364 0.83293 0.13336
1403715604.162143000 -1.27988 -2.56422 0.362631 0.523398 -0.154764 0.829815 0.116226
1403715604.312143000 -1.3057 -2.54276 0.355058 0.537811 -0.163526 0.820575 0.103321
1403715604.412143000 -1.3145 -2.53273 0.348148 0.538591 -0.165476 0.819978 0.100864
1403715604.562143000 -1.31532 -2.50324 0.337657 0.547655 -0.164939 0.814025 0.101156
1403715604.662143000 -1.30408 -2.4767 0.333922 0.558186 -0.163997 0.806953 0.101784
1403715604.812143000 -1.29617 -2.44074 0.319498 0.563425 -0.164544 0.803365 0.100413
1403715604.912143000 -1.29124 -2.4149 0.311219 0.563528 -0.165381 0.803194 0.0998291
1403715605.062143000 -1.28352 -2.37362 0.301529 0.558632 -0.167141 0.806346 0.0989919
1403715605.212143000 -1.27161 -2.32734 0.29989 0.561997 -0.168512 0.803463 0.101048
1403715605.362143000 -1.25795 -2.27716 0.303925 0.563823 -0.16503 0.801506 0.111608
1403715605.512143000 -1.24271 -2.22772 0.296396 0.561229 -0.162204 0.802503 0.121249
1403715605.612143000 -1.23191 -2.19863 0.278535 0.556411 -0.16157 0.805347 0.125371
1403715605.762143000 -1.21265 -2.16041 0.243639 0.560778 -0.168514 0.801987 0.118106
1403715605.862143000 -1.1954 -2.13749 0.224554 0.563263 -0.17284 0.800022 0.113252
1403715606.012143000 -1.17014 -2.102 0.199986 0.567234 -0.176439 0.796758 0.110872
1403715606.162143000 -1.14443 -2.06259 0.161909 0.568456 -0.17918 0.795138 0.111837
1403715606.312143000 -1.12572 -2.02206 0.125283 0.565884 -0.176578 0.796313 0.120337
1403715606.462143000 -1.10684 -1.98197 0.108434 0.564118 -0.174496 0.796788 0.128264
1403715606.562143000 -1.09526 -1.95648 0.107613 0.564691 -0.173478 0.795758 0.133412
1403715606.712143000 -1.07673 -1.92526 0.102315 0.564302 -0.170773 0.794645 0.144707
1403715606.862143000 -1.05445 -1.90335 0.0859264 0.569684 -0.169788 0.789618 0.152105
1403715606.962143000 -1.04017 -1.89674 0.0727602 0.578753 -0.176242 0.782882 0.145187
1403715607.112143000 -1.02309 -1.89312 0.0488891 0.576831 -0.188647 0.784061 0.130101
1403715607.262143000 -1.01637 -1.89031 0.0276438 0.572487 -0.193836 0.786857 0.124671
1403715607.362143000 -1.01567 -1.88683 0.0164045 0.572163 -0.194157 0.786999 0.124762
1403715607.512143000 -1.02328 -1.88564 0.00487575 0.572738 -0.194426 0.786768 0.12315
1403715607.662143000 -1.03942 -1.87977 -0.00231858 0.571395 -0.193694 0.788316 0.120619
1403715607.762143000 -1.052 -1.8727 -0.0053297 0.571471 -0.192841 0.788644 0.119471
1403715607.862143000 -1.06686 -1.86702 -0.0183383 0.569299 -0.188852 0.790714 0.122497
1403715608.012143000 -1.07691 -1.86527 -0.0241002 0.569955 -0.198926 0.788696 0.116358
1403715608.112143000 -1.07283 -1.86409 -0.0295851 0.568011 -0.198723 0.790032 0.117145
1403715608.262143000 -1.07471 -1.865 -0.0296634 0.569522 -0.197949 0.789017 0.117951
1403715608.412143000 -1.07484 -1.86561 -0.0303979 0.568259 -0.198299 0.789909 0.117484
1403715608.562143000 -1.076 -1.86543 -0.0312097 0.568102 -0.197903 0.790057 0.117922
1403715608.712143000 -1.07234 -1.86313 -0.0296918 0.567911 -0.197842 0.790177 0.118135
1403715608.812143000 -1.07282 -1.86395 -0.0294817 0.568027 -0.19778 0.790095 0.118231
1403715608.962143000 -1.07358 -1.86527 -0.0295528 0.567941 -0.197762 0.790163 0.118221
1403715609.062143000 -1.07397 -1.86579 -0.0297957 0.567704 -0.197732 0.790331 0.118282
1403715609.212143000 -1.07294 -1.86512 -0.0296264 0.567869 -0.197651 0.790249 0.118173
1403715609.312143000 -1.07339 -1.86614 -0.0287172 0.567712 -0.19759 0.790369 0.118228
